Date,Open,High,Low,Close,Volume,Adj Close
2011-11-10,30.75,31.77,30.28,31.70,1082300,31.70
2011-11-09,30.97,31.18,29.95,30.33,1073800,30.33
2011-11-08,31.28,32.06,30.71,32.01,581000,32.01
2011-11-07,31.25,31.25,30.08,30.96,604200,30.96
2011-11-04,30.96,31.41,30.49,31.18,575200,31.18
2011-11-03,30.95,31.46,29.90,31.34,604300,31.34
2011-11-02,29.87,30.59,29.51,30.46,695700,30.46
2011-11-01,29.27,31.05,28.63,29.23,809500,29.23
2011-10-31,30.96,31.04,29.95,30.18,670200,30.18
2011-10-28,31.35,32.03,31.20,31.45,490000,31.45
2011-10-27,30.62,31.61,30.40,31.41,518700,31.41
2011-10-26,28.97,29.65,27.89,29.40,840500,29.40
2011-10-25,29.02,29.14,28.15,28.66,664000,28.66
2011-10-24,28.38,29.15,28.28,29.01,278400,29.01
2011-10-21,27.65,28.22,27.53,28.16,400300,28.16
2011-10-20,27.21,27.49,26.53,27.16,531500,27.16
2011-10-19,27.95,27.95,26.97,27.13,737000,27.13
2011-10-18,26.52,28.05,26.16,27.82,622700,27.82
2011-10-17,27.32,27.48,26.36,26.51,549200,26.51
2011-10-14,26.90,27.62,26.67,27.53,500700,27.53
2011-10-13,26.20,26.54,25.54,26.43,672500,26.43
2011-10-12,26.26,26.83,26.09,26.49,643100,26.49
2011-10-11,25.82,26.31,25.70,25.96,521000,25.96
2011-10-10,25.51,25.98,25.42,25.97,922300,25.97
2011-10-07,26.08,26.34,24.58,24.95,1005000,24.95
2011-10-06,25.12,26.06,24.80,26.02,927700,26.02
2011-10-05,24.79,25.25,24.30,25.14,1045100,25.14
2011-10-04,22.85,24.89,22.45,24.83,1180700,24.83
2011-10-03,24.51,24.61,23.23,23.27,1060900,23.27
2011-09-30,25.26,25.67,24.78,24.78,848700,24.78
2011-09-29,26.26,26.51,25.18,25.84,834300,25.84
2011-09-28,26.98,27.02,25.41,25.51,481000,25.51
2011-09-27,25.85,27.30,25.71,26.80,722300,26.80
2011-09-26,25.26,25.37,23.75,24.92,1300800,24.92
2011-09-23,25.43,25.81,24.73,24.88,1212000,24.88
2011-09-22,27.23,27.54,25.17,25.72,904800,25.72
2011-09-21,30.20,30.32,28.14,28.16,876700,28.16
2011-09-20,31.42,31.45,30.24,30.38,1011700,30.38
2011-09-19,32.00,32.08,30.81,31.42,694400,31.42
2011-09-16,33.31,33.56,32.69,33.30,730900,33.30
2011-09-15,33.63,33.97,33.13,33.31,610300,33.31
2011-09-14,34.04,34.04,32.75,33.24,647500,33.24
2011-09-13,33.24,33.91,32.99,33.75,497700,33.75
2011-09-12,32.55,33.33,32.22,33.12,732800,33.12
2011-09-09,32.64,33.31,32.24,33.11,727100,33.11
2011-09-08,33.47,33.82,33.00,33.04,511400,33.04
2011-09-07,33.09,33.83,33.04,33.82,443100,33.82
2011-09-06,31.56,32.64,31.48,32.40,632100,32.40
2011-09-02,32.94,33.64,32.63,33.04,500700,33.04
2011-09-01,34.66,34.88,33.77,33.85,377800,33.85
2011-08-31,34.50,35.22,34.06,34.43,454000,34.43
2011-08-30,33.64,34.44,33.32,34.18,426400,34.18
2011-08-29,32.71,34.01,32.47,34.01,312500,34.01
2011-08-26,30.89,32.25,30.55,32.22,849300,32.22
2011-08-25,31.68,31.87,30.69,31.24,554000,31.24
2011-08-24,30.60,31.66,30.42,31.62,474400,31.44
2011-08-23,29.46,30.65,29.25,30.65,257900,30.48
2011-08-22,30.37,30.49,29.15,29.25,356500,29.08
2011-08-19,29.64,30.46,29.27,29.50,476100,29.33
2011-08-18,31.60,31.62,29.91,30.16,498600,29.99
2011-08-17,33.14,33.79,32.64,32.78,491700,32.59
2011-08-16,33.55,33.66,32.50,32.86,399600,32.67
2011-08-15,33.53,34.20,33.31,34.20,245000,34.01
2011-08-12,33.02,33.67,32.58,33.30,262800,33.11
2011-08-11,31.21,33.13,30.35,32.62,507200,32.43
2011-08-10,32.07,32.47,30.88,30.95,488000,30.77
2011-08-09,31.44,32.92,31.03,32.92,1057100,32.73
2011-08-08,32.87,33.03,29.15,30.31,1328700,30.14
2011-08-05,34.34,35.33,33.51,34.10,1481900,33.91
2011-08-04,36.57,36.76,33.65,33.70,748500,33.51
2011-08-03,37.04,37.24,35.58,37.20,406800,36.99
2011-08-02,38.22,38.56,37.02,37.04,383400,36.83
2011-08-01,39.60,39.92,38.33,38.62,509900,38.40
2011-07-29,38.87,39.50,38.16,39.10,476900,38.88
2011-07-28,40.42,40.43,39.21,39.44,478500,39.22
2011-07-27,42.87,43.30,40.33,40.42,1044600,40.19
2011-07-26,41.20,41.27,40.18,40.85,237400,40.62
2011-07-25,41.21,41.83,40.82,40.96,357000,40.73
2011-07-22,41.85,41.99,41.60,41.74,162000,41.50
2011-07-21,41.56,42.28,41.44,41.84,241900,41.60
2011-07-20,40.86,41.46,40.70,41.37,274000,41.13
2011-07-19,40.50,40.71,40.07,40.71,280100,40.48
2011-07-18,40.43,40.51,39.60,40.08,235500,39.85
2011-07-15,40.68,40.78,40.04,40.56,178600,40.33
2011-07-14,41.80,42.14,40.16,40.39,336400,40.16
2011-07-13,41.54,43.42,41.34,41.57,773700,41.33
2011-07-12,41.16,41.50,41.02,41.19,204200,40.96
2011-07-11,41.63,41.90,41.05,41.28,264800,41.05
2011-07-08,42.33,42.36,41.68,42.32,201800,42.08
2011-07-07,42.88,43.00,42.60,42.80,213800,42.56
2011-07-06,41.89,42.65,41.72,42.44,393200,42.20
2011-07-05,41.23,41.93,40.93,41.76,464500,41.52
2011-07-01,40.01,40.92,39.87,40.76,283200,40.53
2011-06-30,39.50,40.11,39.17,39.87,254400,39.64
2011-06-29,39.41,39.48,38.73,39.34,208500,39.12
2011-06-28,38.81,39.22,38.69,39.21,122900,38.99
2011-06-27,38.44,38.90,38.00,38.64,219100,38.42
2011-06-24,39.03,39.11,38.25,38.43,221800,38.21
2011-06-23,38.93,39.10,38.36,38.93,356300,38.71
2011-06-22,39.12,39.76,38.99,39.63,321000,39.40
2011-06-21,38.66,39.49,38.53,39.28,208900,39.06
2011-06-20,37.47,38.50,37.46,38.46,616200,38.24
2011-06-17,37.78,37.98,37.21,37.51,509200,37.30
2011-06-16,37.86,38.16,36.92,37.45,628600,37.24
2011-06-15,38.33,38.49,37.75,37.98,351800,37.76
2011-06-14,38.68,38.93,38.45,38.75,562100,38.53
2011-06-13,38.13,38.76,38.09,38.13,391400,37.91
2011-06-10,38.74,38.99,38.09,38.40,454300,38.18
2011-06-09,38.71,39.11,38.37,38.93,359400,38.71
2011-06-08,39.02,39.30,38.51,38.55,341400,38.33
2011-06-07,39.41,39.62,39.06,39.20,371600,38.98
2011-06-06,39.60,39.88,39.05,39.18,301400,38.96
2011-06-03,40.21,40.21,39.47,39.61,350600,39.38
2011-06-02,41.13,41.36,40.54,40.98,168600,40.75
2011-06-01,42.23,42.34,40.99,41.10,245800,40.87
2011-05-31,42.71,42.81,41.77,42.23,399800,41.99
2011-05-27,41.43,42.25,41.43,42.06,205700,41.82
2011-05-26,40.88,41.26,40.65,41.19,237400,40.96
2011-05-25,40.18,41.20,40.00,40.97,139600,40.74
2011-05-24,40.90,41.22,40.26,40.62,241100,40.21
2011-05-23,41.01,41.36,40.66,40.66,234500,40.25
2011-05-20,42.39,42.42,41.57,41.67,220200,41.25
2011-05-19,42.65,43.15,42.30,42.54,296100,42.11
2011-05-18,40.92,42.38,40.51,42.36,625400,41.93
2011-05-17,40.94,41.19,40.25,40.69,195700,40.28
2011-05-16,41.51,42.24,41.12,41.22,312500,40.80
2011-05-13,42.31,42.50,41.56,41.63,245600,41.21
2011-05-12,42.29,42.48,41.52,42.26,269000,41.83
2011-05-11,43.00,43.00,42.27,42.52,223300,42.09
2011-05-10,43.13,43.33,42.45,43.07,258300,42.64
2011-05-09,41.84,42.92,41.84,42.70,333100,42.27
2011-05-06,42.60,42.81,41.76,42.01,414600,41.59
2011-05-05,41.50,42.66,40.97,42.08,775700,41.66
2011-05-04,44.12,44.27,41.66,41.69,676400,41.27
2011-05-03,44.09,44.51,43.59,44.08,450100,43.63
2011-05-02,45.06,45.38,43.93,44.19,433900,43.74
2011-04-29,45.56,45.80,44.44,44.85,409000,44.40
2011-04-28,46.07,46.07,44.93,45.39,561900,44.93
2011-04-27,47.06,48.77,45.21,46.07,708800,45.60
2011-04-26,47.27,48.00,47.00,47.41,681600,46.93
2011-04-25,46.34,47.30,46.34,47.25,485800,46.77
2011-04-21,46.02,46.71,45.95,46.31,355000,45.84
2011-04-20,45.79,46.04,45.53,45.68,372500,45.22
2011-04-19,45.18,45.85,44.61,44.90,264900,44.45
2011-04-18,44.34,44.98,44.13,44.88,392700,44.43
2011-04-15,44.75,45.53,44.51,45.16,179800,44.70
2011-04-14,44.37,44.92,44.20,44.76,227800,44.31
2011-04-13,44.95,45.19,43.90,44.80,309900,44.35
2011-04-12,45.16,45.22,44.31,44.58,244800,44.13
2011-04-11,46.59,46.59,45.25,45.50,217400,45.04
2011-04-08,47.00,47.13,46.20,46.44,276300,45.97
2011-04-07,46.80,47.78,46.71,46.74,316300,46.27
2011-04-06,48.07,48.21,46.49,46.67,316400,46.20
2011-04-05,47.22,48.18,46.77,47.83,384300,47.35
2011-04-04,47.06,47.84,47.06,47.25,306300,46.77
2011-04-01,46.68,46.91,46.31,46.85,271800,46.38
2011-03-31,45.99,46.58,45.99,46.29,385600,45.82
2011-03-30,46.73,47.10,45.97,45.98,370900,45.52
2011-03-29,45.68,46.53,45.47,46.40,266000,45.93
2011-03-28,46.84,46.84,45.61,45.66,323200,45.20
2011-03-25,45.99,47.11,45.90,46.58,197100,46.11
2011-03-24,45.73,46.15,45.15,45.76,298900,45.30
2011-03-23,45.06,45.71,44.31,45.43,255900,44.97
2011-03-22,46.18,46.36,45.27,45.32,158000,44.86
2011-03-21,45.34,46.16,45.27,46.08,164700,45.61
2011-03-18,44.74,45.25,44.30,44.56,352200,44.11
2011-03-17,45.71,45.71,44.18,44.30,292800,43.85
2011-03-16,44.09,44.37,43.09,43.76,340400,43.32
2011-03-15,43.44,45.01,43.28,44.14,359200,43.69
2011-03-14,42.67,45.30,42.57,45.16,761300,44.70
2011-03-11,42.50,43.01,42.44,42.95,356300,42.52
2011-03-10,43.52,43.53,42.74,42.91,403400,42.48
2011-03-09,44.25,44.48,43.49,44.22,223600,43.77
2011-03-08,43.79,44.80,43.70,44.41,337200,43.96
2011-03-07,44.55,44.78,43.36,43.80,308000,43.36
2011-03-04,44.56,44.73,43.71,44.30,295300,43.85
2011-03-03,42.95,45.10,42.95,44.68,402200,44.23
2011-03-02,41.85,42.61,41.30,42.51,287900,42.08
2011-03-01,43.58,43.91,41.64,41.80,314800,41.38
2011-02-28,42.60,44.02,42.37,43.26,346500,42.82
2011-02-25,41.85,42.47,41.77,42.39,167900,41.96
2011-02-24,42.02,42.25,40.95,41.61,430500,41.19
2011-02-23,43.63,43.65,41.04,41.81,435000,41.39
2011-02-22,44.79,44.90,43.71,43.82,417300,43.20
2011-02-18,45.46,45.46,44.79,45.35,291800,44.71
2011-02-17,44.31,45.24,44.07,45.22,267000,44.58
2011-02-16,44.33,44.79,44.25,44.39,421500,43.76
2011-02-15,44.37,44.37,43.92,44.09,197600,43.47
2011-02-14,43.98,44.82,43.89,44.52,266600,43.89
2011-02-11,44.07,44.39,43.88,43.98,349000,43.36
2011-02-10,43.54,44.45,43.53,44.18,399000,43.55
2011-02-09,44.04,44.12,43.57,43.69,385300,43.07
2011-02-08,44.16,44.41,43.88,44.20,259700,43.57
2011-02-07,44.01,44.42,43.83,44.17,358200,43.54
2011-02-04,44.10,44.20,43.56,43.88,298200,43.26
2011-02-03,44.19,44.27,43.54,43.99,227200,43.37
2011-02-02,45.00,45.00,44.02,44.26,356600,43.63
2011-02-01,43.69,44.91,43.64,44.86,474100,44.22
2011-01-31,41.50,43.83,41.49,43.25,531300,42.64
2011-01-28,43.61,43.79,42.31,42.37,371100,41.77
2011-01-27,43.82,44.58,42.95,43.52,728100,42.90
2011-01-26,41.12,46.57,41.12,43.95,1500500,43.33
2011-01-25,40.85,41.60,40.78,41.54,374500,40.95
2011-01-24,40.72,41.20,40.46,40.98,292900,40.40
2011-01-21,40.87,41.09,40.55,40.61,216400,40.03
2011-01-20,41.70,41.70,40.38,40.52,267200,39.95
2011-01-19,42.44,42.68,41.50,41.72,706500,41.13
2011-01-18,41.84,42.43,41.79,42.43,452000,41.83
2011-01-14,41.37,41.99,41.00,41.77,338900,41.18
2011-01-13,40.92,41.43,40.83,41.38,322000,40.79
2011-01-12,40.14,41.34,39.95,41.01,273600,40.43
2011-01-11,40.17,40.27,39.34,39.66,361700,39.10
2011-01-10,39.34,40.54,38.90,40.15,429100,39.58
2011-01-07,39.43,40.00,38.85,39.48,325600,38.92
2011-01-06,38.76,39.52,38.61,39.37,434900,38.81
2011-01-05,38.68,38.80,38.54,38.67,321700,38.12
2011-01-04,39.25,39.32,38.38,38.79,240600,38.24
2011-01-03,38.08,39.59,38.03,39.12,270500,38.57
2010-12-31,38.08,38.32,37.64,37.65,146400,37.12
2010-12-30,37.90,38.49,37.88,38.15,108900,37.61
2010-12-29,38.16,38.24,37.89,37.91,138500,37.37
2010-12-28,38.18,38.37,37.99,38.07,95200,37.53
2010-12-27,38.09,38.30,37.53,38.16,103500,37.62
2010-12-23,38.52,38.57,38.17,38.28,194500,37.74
2010-12-22,38.83,38.89,38.17,38.53,249400,37.98
2010-12-21,38.74,38.88,38.50,38.72,228300,38.17
2010-12-20,37.88,38.78,37.88,38.53,349000,37.98
2010-12-17,38.24,38.30,37.83,38.13,553000,37.59
2010-12-16,38.09,38.42,37.84,38.26,144400,37.72
2010-12-15,37.36,38.59,37.36,38.05,375300,37.51
2010-12-14,37.27,37.60,37.16,37.45,155700,36.92
2010-12-13,37.20,37.47,37.15,37.25,267900,36.72
2010-12-10,37.09,37.21,36.91,37.01,336200,36.49
2010-12-09,37.20,37.20,36.71,36.99,296700,36.47
2010-12-08,37.39,37.50,36.88,36.92,224600,36.40
2010-12-07,37.67,37.71,37.28,37.40,388000,36.87
2010-12-06,37.30,37.44,37.04,37.30,202500,36.77
2010-12-03,37.12,37.50,37.00,37.39,173400,36.86
2010-12-02,36.79,37.46,36.79,37.24,264200,36.71
2010-12-01,36.48,36.94,36.32,36.79,395600,36.27
2010-11-30,34.87,36.29,34.67,35.80,762800,35.29
2010-11-29,34.66,35.20,34.45,35.14,332900,34.64
2010-11-26,34.77,35.09,34.68,34.80,46100,34.31
2010-11-24,34.70,35.06,34.55,35.00,169200,34.50
2010-11-23,34.45,34.46,34.11,34.35,406900,33.86
2010-11-22,34.41,35.19,34.41,35.03,375900,34.36
2010-11-19,34.54,34.74,34.26,34.57,177700,33.91
2010-11-18,34.64,35.05,34.50,34.59,171300,33.92
2010-11-17,34.13,34.26,33.87,34.17,339600,33.51
2010-11-16,34.27,34.34,33.78,34.20,314700,33.54
2010-11-15,34.71,34.98,34.37,34.65,240700,33.98
2010-11-12,34.70,34.86,34.49,34.64,385800,33.97
2010-11-11,34.68,35.07,34.61,34.85,395400,34.18
2010-11-10,35.24,35.36,34.60,35.09,278200,34.42
2010-11-09,35.56,35.66,35.02,35.22,408100,34.54
2010-11-08,35.30,35.57,34.99,35.56,183700,34.88
2010-11-05,35.52,35.80,35.25,35.52,367400,34.84
2010-11-04,35.03,35.63,34.84,35.59,330500,34.91
2010-11-03,34.33,34.48,34.04,34.47,274000,33.81
2010-11-02,34.41,34.56,34.13,34.35,168800,33.69
2010-11-01,34.29,34.44,33.86,34.00,257600,33.35
2010-10-29,33.60,34.19,33.57,34.02,220400,33.37
2010-10-28,34.31,34.42,33.46,33.76,392900,33.11
2010-10-27,33.99,34.02,32.76,33.97,556100,33.32
2010-10-26,34.79,34.98,34.36,34.39,290800,33.73
2010-10-25,34.77,35.50,34.70,34.99,329600,34.32
2010-10-22,34.80,34.94,34.24,34.40,192100,33.74
2010-10-21,34.66,35.08,34.27,34.65,335900,33.98
2010-10-20,33.35,34.71,33.29,34.51,319700,33.85
2010-10-19,33.06,33.90,32.91,33.27,375200,32.63
2010-10-18,33.42,33.72,33.30,33.56,512300,32.91
2010-10-15,34.14,34.28,33.30,33.33,286000,32.69
2010-10-14,34.35,34.49,33.53,33.83,297200,33.18
2010-10-13,33.82,34.33,33.65,34.13,293800,33.47
2010-10-12,33.69,33.79,33.09,33.66,129800,33.01
2010-10-11,34.07,34.53,33.66,33.74,211900,33.09
2010-10-08,33.25,34.05,33.25,33.92,143200,33.27
2010-10-07,33.11,33.27,32.66,33.19,143200,32.55
2010-10-06,33.50,33.71,32.79,32.98,314800,32.35
2010-10-05,32.94,33.63,32.60,33.48,408400,32.84
2010-10-04,32.60,32.97,32.38,32.59,274100,31.96
2010-10-01,32.92,33.40,32.19,32.64,283400,32.01
2010-09-30,32.70,33.20,32.16,32.57,384200,31.94
2010-09-29,32.90,32.98,32.46,32.47,371500,31.85
2010-09-28,32.52,32.99,32.52,32.97,501500,32.34
2010-09-27,32.44,32.64,32.37,32.54,260700,31.91
2010-09-24,31.93,32.67,31.74,32.56,280900,31.93
2010-09-23,31.44,31.86,31.04,31.44,271400,30.84
2010-09-22,31.55,32.23,31.55,31.76,233400,31.15
2010-09-21,32.29,32.29,31.61,31.77,264200,31.16
2010-09-20,32.00,32.69,31.93,32.31,480700,31.69
2010-09-17,32.12,32.29,31.91,31.94,455900,31.33
2010-09-16,31.44,32.04,31.30,31.93,204900,31.32
2010-09-15,31.48,31.80,31.42,31.75,185700,31.14
2010-09-14,31.90,32.20,31.60,31.66,314500,31.05
2010-09-13,31.53,32.46,31.47,32.07,494100,31.45
2010-09-10,30.92,31.09,30.70,30.97,198000,30.37
2010-09-09,31.20,31.21,30.59,30.74,206300,30.15
2010-09-08,30.80,31.30,30.67,30.75,206400,30.16
2010-09-07,30.58,31.21,30.46,30.80,458400,30.21
2010-09-03,30.55,31.00,30.39,30.81,249100,30.22
2010-09-02,30.35,30.62,29.89,30.11,373100,29.53
2010-09-01,28.92,30.58,28.87,30.51,619300,29.92
2010-08-31,28.00,28.48,27.65,28.43,383300,27.88
2010-08-30,28.55,28.97,28.04,28.05,244500,27.51
2010-08-27,28.12,28.81,27.56,28.71,262700,28.16
2010-08-26,27.69,28.60,27.69,27.78,300300,27.25
2010-08-25,27.34,27.77,26.97,27.63,310600,27.10
2010-08-24,28.19,28.25,27.67,27.74,324100,27.03
2010-08-23,28.93,29.48,28.69,28.71,342400,27.98
2010-08-20,28.36,28.85,27.77,28.72,269000,27.98
2010-08-19,29.20,29.45,28.55,28.59,164700,27.86
2010-08-18,29.23,29.61,28.96,29.37,174300,28.62
2010-08-17,29.22,29.48,29.09,29.22,339200,28.47
2010-08-16,28.62,29.05,27.84,28.75,394700,28.01
2010-08-13,28.81,29.14,28.60,28.79,270400,28.05
2010-08-12,28.44,29.07,28.37,28.86,253000,28.12
2010-08-11,29.08,29.22,28.36,29.06,464700,28.32
2010-08-10,30.00,30.16,29.55,29.86,303800,29.10
2010-08-09,30.02,30.59,29.91,30.51,321300,29.73
2010-08-06,29.68,30.44,29.41,29.83,327400,29.07
2010-08-05,29.96,30.65,29.96,30.05,459300,29.28
2010-08-04,30.13,30.27,29.81,30.14,442800,29.37
2010-08-03,30.47,30.47,29.67,29.90,463200,29.13
2010-08-02,30.04,30.50,29.72,30.26,663700,29.49
2010-07-30,29.45,30.26,28.97,29.50,573500,28.74
2010-07-29,28.35,30.96,28.35,30.10,1373100,29.33
2010-07-28,27.71,28.33,27.54,27.90,417600,27.19
2010-07-27,28.32,29.17,27.76,27.83,669700,27.12
2010-07-26,26.77,27.99,26.61,27.99,368300,27.27
2010-07-23,26.20,27.13,26.20,27.00,406300,26.31
2010-07-22,25.99,26.51,25.89,26.23,893600,25.56
2010-07-21,26.15,26.39,25.71,25.72,486300,25.06
2010-07-20,25.15,26.12,25.05,26.00,500200,25.33
2010-07-19,25.67,25.74,25.11,25.66,484000,25.00
2010-07-16,25.71,25.78,25.19,25.32,395100,24.67
2010-07-15,26.86,26.86,25.61,25.88,596300,25.22
2010-07-14,27.18,27.34,26.66,26.91,356100,26.22
2010-07-13,26.58,27.34,26.58,27.23,467500,26.53
2010-07-12,25.88,26.45,25.83,26.15,435600,25.48
2010-07-09,25.30,26.07,25.30,25.87,293000,25.21
2010-07-08,24.87,25.43,24.63,25.40,377100,24.75
2010-07-07,23.53,24.58,23.42,24.58,536600,23.95
2010-07-06,24.15,24.20,23.32,23.52,592000,22.92
2010-07-02,23.42,23.58,22.95,23.37,351100,22.77
2010-07-01,24.07,24.41,23.04,23.29,752600,22.69
2010-06-30,24.16,24.65,24.04,24.11,548400,23.49
2010-06-29,25.33,25.39,23.84,24.04,682400,23.42
2010-06-28,26.45,26.45,25.77,25.84,442400,25.18
2010-06-25,26.02,26.66,25.69,26.47,593900,25.79
2010-06-24,26.19,26.70,25.84,26.00,472000,25.33
2010-06-23,27.42,27.49,26.09,26.36,719200,25.69
2010-06-22,28.09,28.73,27.62,27.65,372200,26.94
2010-06-21,28.59,28.78,27.90,28.11,519700,27.39
2010-06-18,28.12,28.62,27.92,28.15,311300,27.43
2010-06-17,28.76,28.91,27.67,28.03,567700,27.31
2010-06-16,29.45,29.45,28.62,28.68,506300,27.95
2010-06-15,29.29,29.67,28.96,29.63,313900,28.87
2010-06-14,29.00,29.74,28.93,29.07,808400,28.33
2010-06-11,27.60,28.65,27.60,28.61,515900,27.88
2010-06-10,26.57,28.09,26.24,28.09,662800,27.37
2010-06-09,26.05,26.75,25.90,26.02,573500,25.35
2010-06-08,25.17,26.04,25.16,25.93,374000,25.27
2010-06-07,26.38,26.38,25.11,25.16,291100,24.52
2010-06-04,27.14,27.29,26.13,26.22,412100,25.55
2010-06-03,27.64,27.99,27.23,27.69,365500,26.98
2010-06-02,27.38,27.64,26.78,27.63,241500,26.92
2010-06-01,27.71,28.32,27.23,27.24,459400,26.54
2010-05-28,27.71,28.38,27.49,28.01,405400,27.29
2010-05-27,27.73,28.00,27.49,27.84,651500,27.13
2010-05-26,26.39,27.60,26.39,27.04,936600,26.35
2010-05-25,25.66,26.55,25.20,26.46,717900,25.61
2010-05-24,27.62,27.89,26.54,26.57,683100,25.71
2010-05-21,26.97,28.00,26.33,27.85,609000,26.95
2010-05-20,27.45,27.98,27.26,27.60,816500,26.71
2010-05-19,28.35,28.51,27.64,28.30,373000,27.39
2010-05-18,29.58,29.81,28.30,28.44,364000,27.52
2010-05-17,28.70,29.32,27.86,29.14,463000,28.20
2010-05-14,30.15,30.15,28.29,28.51,618800,27.59
2010-05-13,30.08,30.71,29.82,30.40,690400,29.42
2010-05-12,29.99,30.24,29.86,30.10,595700,29.13
2010-05-11,29.40,30.64,29.21,29.94,413400,28.98
2010-05-10,29.77,30.22,29.22,29.91,518200,28.95
2010-05-07,29.18,29.49,28.08,28.17,502600,27.26
2010-05-06,30.92,31.39,27.00,29.47,461000,28.52
2010-05-05,31.87,32.17,31.02,31.13,513100,30.13
2010-05-04,32.65,33.00,31.89,32.29,565500,31.25
2010-05-03,32.95,33.41,32.87,33.25,360500,32.18
2010-04-30,33.77,34.00,32.52,32.54,564300,31.49
2010-04-29,32.49,33.98,32.17,33.65,661900,32.57
2010-04-28,32.28,32.50,31.56,32.04,462900,31.01
2010-04-27,31.97,32.52,31.56,31.96,579200,30.93
2010-04-26,32.49,32.86,32.08,32.23,193300,31.19
2010-04-23,31.94,32.49,31.91,32.42,343600,31.38
2010-04-22,31.27,32.39,31.07,32.30,445200,31.26
2010-04-21,31.37,31.64,31.24,31.58,450800,30.56
2010-04-20,31.03,31.49,30.84,31.45,382100,30.44
2010-04-19,30.61,30.95,29.93,30.77,473600,29.78
2010-04-16,31.46,31.86,30.42,30.69,539100,29.70
2010-04-15,31.81,32.03,31.43,31.55,381100,30.53
2010-04-14,32.40,32.41,31.65,31.96,229000,30.93
2010-04-13,31.89,32.18,31.50,32.16,194800,31.12
2010-04-12,32.17,32.39,31.82,31.90,176500,30.87
2010-04-09,32.16,32.22,31.65,32.22,275900,31.18
2010-04-08,31.90,32.20,31.48,32.05,308700,31.02
2010-04-07,31.75,32.32,31.50,32.08,381900,31.05
2010-04-06,31.70,32.35,31.63,31.89,465900,30.86
2010-04-05,31.21,32.00,31.19,32.00,285900,30.97
2010-04-01,30.67,31.24,30.55,31.09,350700,30.09
2010-03-31,30.78,31.08,30.40,30.40,326200,29.42
2010-03-30,31.05,31.11,30.52,30.86,281600,29.87
2010-03-29,31.30,31.34,30.75,31.00,371200,30.00
2010-03-26,31.19,31.82,30.94,31.04,420900,30.04
2010-03-25,31.45,32.17,30.96,31.01,394900,30.01
2010-03-24,30.81,31.39,30.49,31.23,373200,30.22
2010-03-23,30.91,31.05,30.37,30.97,405700,29.97
2010-03-22,30.61,31.20,30.24,30.95,287600,29.95
2010-03-19,31.24,31.39,30.84,30.95,402700,29.95
2010-03-18,31.42,31.60,30.90,31.10,285600,30.10
2010-03-17,31.72,31.94,31.43,31.53,252100,30.51
2010-03-16,31.28,31.56,31.01,31.55,372000,30.53
2010-03-15,31.61,31.94,30.81,31.24,389900,30.23
2010-03-12,31.72,31.85,31.24,31.68,213400,30.66
2010-03-11,31.46,31.66,31.03,31.61,211100,30.59
2010-03-10,31.75,32.23,31.31,31.70,493800,30.68
2010-03-09,31.31,32.10,31.24,31.70,390800,30.68
2010-03-08,31.14,31.68,30.95,31.55,248000,30.53
2010-03-05,31.08,31.38,30.86,31.19,379700,30.18
2010-03-04,30.80,31.18,30.54,30.95,550600,29.95
2010-03-03,30.84,31.36,30.66,30.69,297500,29.70
2010-03-02,30.54,30.99,30.49,30.82,430200,29.83
2010-03-01,29.23,30.50,29.12,30.49,506600,29.51
2010-02-26,29.19,29.26,28.75,29.06,635300,28.12
2010-02-25,28.78,29.55,28.42,29.49,379000,28.54
2010-02-24,29.26,29.68,29.02,29.30,294600,28.36
2010-02-23,29.90,29.98,29.21,29.25,391900,28.13
2010-02-22,29.99,30.29,29.77,29.91,426600,28.77
2010-02-19,29.84,30.21,29.46,29.95,339600,28.81
2010-02-18,29.46,30.00,29.46,29.91,250300,28.77
2010-02-17,29.55,29.84,29.17,29.41,585700,28.29
2010-02-16,29.27,29.61,29.01,29.49,425200,28.36
2010-02-12,28.48,29.20,28.22,28.84,568100,27.74
2010-02-11,28.73,29.00,28.43,28.88,733800,27.78
2010-02-10,28.75,28.99,28.35,28.69,498100,27.59
2010-02-09,28.07,28.89,27.94,28.79,618000,27.69
2010-02-08,28.43,28.67,27.53,27.60,593100,26.55
2010-02-05,28.67,29.05,27.20,28.28,850700,27.20
2010-02-04,28.77,28.92,28.25,28.60,1083500,27.51
2010-02-03,28.72,29.47,28.59,29.15,1068000,28.04
2010-02-02,28.02,29.37,27.89,28.85,1237200,27.75
2010-02-01,26.06,27.95,26.06,27.90,820700,26.83
2010-01-29,26.20,27.62,25.78,25.78,1154400,24.80
2010-01-28,24.94,26.25,24.13,25.98,2399300,24.99
2010-01-27,25.58,26.69,24.92,26.57,912300,25.56
2010-01-26,26.17,26.56,25.60,25.71,433300,24.73
2010-01-25,26.18,26.54,26.04,26.19,376600,25.19
2010-01-22,26.41,26.52,25.78,25.83,336900,24.84
2010-01-21,27.49,27.96,26.42,26.50,370600,25.49
2010-01-20,26.98,27.56,26.70,27.49,374300,26.44
2010-01-19,27.15,27.42,27.00,27.42,634100,26.37
2010-01-15,27.78,27.78,27.03,27.13,404700,26.09
2010-01-14,27.70,28.28,27.70,27.82,370400,26.76
2010-01-13,27.55,28.03,27.13,27.90,413000,26.83
2010-01-12,27.96,28.06,26.89,27.46,402800,26.41
2010-01-11,28.04,28.50,27.50,28.14,550900,27.07
2010-01-08,27.08,27.80,27.07,27.60,257400,26.55
2010-01-07,26.90,27.33,26.65,27.19,297600,26.15
2010-01-06,27.41,27.66,26.87,27.04,409900,26.01
2010-01-05,27.33,27.76,27.12,27.50,314900,26.45
2010-01-04,26.49,27.47,26.41,27.47,313000,26.42
2009-12-31,26.67,27.15,26.23,26.23,230700,25.23
2009-12-30,27.17,27.47,26.67,26.74,257900,25.72
2009-12-29,27.17,27.52,26.92,27.40,368100,26.35
2009-12-28,26.97,27.43,26.82,27.00,391000,25.97
2009-12-24,26.62,26.88,26.45,26.76,144600,25.74
2009-12-23,25.65,26.47,25.38,26.46,571500,25.45
2009-12-22,25.92,26.39,25.36,25.65,519100,24.67
2009-12-21,26.08,26.58,25.78,25.82,337600,24.83
2009-12-18,26.26,26.44,25.57,25.75,882100,24.77
2009-12-17,26.12,26.34,25.55,25.98,417800,24.99
2009-12-16,26.35,26.51,25.90,25.92,592000,24.93
2009-12-15,25.33,26.28,25.26,26.23,574700,25.23
2009-12-14,25.17,25.69,24.76,25.59,255400,24.61
2009-12-11,25.17,25.23,24.72,24.87,455100,23.92
2009-12-10,25.11,25.28,24.82,24.93,314600,23.98
2009-12-09,24.99,25.26,24.68,25.02,500000,24.06
2009-12-08,24.60,25.15,24.24,24.82,686900,23.87
2009-12-07,24.40,24.99,24.40,24.81,374700,23.86
2009-12-04,24.16,24.75,24.00,24.39,433000,23.46
2009-12-03,24.99,25.00,23.66,23.70,407500,22.80
2009-12-02,24.25,24.92,24.13,24.85,611200,23.90
2009-12-01,23.65,24.80,23.65,24.18,1245200,23.26
2009-11-30,23.01,23.13,22.58,22.93,250200,22.05
2009-11-27,22.52,23.34,22.43,23.04,132500,22.16
2009-11-25,22.98,23.75,22.75,23.51,419600,22.61
2009-11-24,23.29,23.29,22.71,22.80,422100,21.93
2009-11-23,22.98,24.14,22.98,23.23,628500,22.17
2009-11-20,22.67,23.01,22.43,22.66,442000,21.63
2009-11-19,23.85,23.85,22.75,23.08,833300,22.03
2009-11-18,24.13,24.20,23.81,24.03,839900,22.93
2009-11-17,23.93,24.19,23.64,24.03,487400,22.93
2009-11-16,23.49,24.47,23.36,24.17,521800,23.07
2009-11-13,23.06,23.32,22.88,23.15,257200,22.09
2009-11-12,23.01,23.28,22.61,23.02,357600,21.97
2009-11-11,23.13,23.14,22.52,23.09,352300,22.04
2009-11-10,22.68,23.04,22.48,22.81,213100,21.77
2009-11-09,22.15,22.89,21.94,22.88,340600,21.84
2009-11-06,21.44,22.04,21.44,21.85,661400,20.85
2009-11-05,21.34,21.73,21.25,21.70,804600,20.71
2009-11-04,22.06,22.10,20.95,21.04,696400,20.08
2009-11-03,21.49,21.85,21.23,21.70,566100,20.71
2009-11-02,22.01,22.33,21.12,21.72,717000,20.73
2009-10-30,23.55,23.55,21.44,21.93,1053800,20.93
2009-10-29,23.10,24.99,23.09,23.54,1336600,22.47
2009-10-28,24.02,24.15,22.63,22.65,764300,21.62
2009-10-27,24.02,24.42,23.78,24.00,840400,22.90
2009-10-26,23.98,24.45,23.04,24.00,627100,22.90
2009-10-23,24.89,24.89,23.61,23.90,802700,22.81
2009-10-22,23.70,24.90,23.46,24.72,639500,23.59
2009-10-21,23.32,24.18,23.28,23.65,910900,22.57
2009-10-20,23.46,23.54,22.96,23.45,468200,22.38
2009-10-19,23.02,23.43,22.68,23.36,195500,22.29
2009-10-16,22.51,23.23,22.34,23.04,594400,21.99
2009-10-15,22.82,22.83,22.37,22.79,397600,21.75
2009-10-14,22.63,23.18,22.41,23.05,389800,22.00
2009-10-13,22.35,22.46,21.97,22.31,302200,21.29
2009-10-12,22.55,22.89,22.16,22.43,348200,21.41
2009-10-09,22.34,22.63,22.16,22.49,215900,21.46
2009-10-08,22.02,22.63,22.02,22.35,516200,21.33
2009-10-07,21.84,22.01,21.54,21.94,381000,20.94
2009-10-06,22.07,22.31,21.55,21.98,685100,20.98
2009-10-05,21.50,21.89,21.29,21.80,470200,20.81
2009-10-02,21.46,21.76,20.95,21.34,490100,20.37
2009-10-01,23.10,23.10,21.68,21.76,585400,20.77
2009-09-30,23.79,23.79,22.74,23.11,601100,22.06
2009-09-29,24.02,24.32,23.67,23.73,462000,22.65
2009-09-28,23.18,24.67,23.01,24.01,923600,22.91
2009-09-25,22.69,23.53,22.54,22.99,960700,21.94
2009-09-24,23.68,23.81,22.41,22.69,577500,21.65
2009-09-23,23.50,24.19,23.12,23.56,685100,22.48
2009-09-22,23.33,23.58,22.76,23.37,813600,22.30
2009-09-21,22.72,23.25,22.31,23.10,720100,22.05
2009-09-18,23.51,23.51,22.46,23.00,683300,21.95
2009-09-17,23.35,23.43,22.38,22.47,951800,21.44
2009-09-16,22.00,24.00,22.00,23.59,1875900,22.51
2009-09-15,21.09,21.91,20.86,21.73,592600,20.74
2009-09-14,20.38,21.08,19.85,21.07,752500,20.11
2009-09-11,20.54,20.70,20.18,20.62,652900,19.68
2009-09-10,20.09,20.46,19.78,20.43,431300,19.50
2009-09-09,19.80,20.31,19.53,20.17,405300,19.25
2009-09-08,19.42,19.99,19.25,19.80,608300,18.90
2009-09-04,19.16,19.36,18.82,19.29,494200,18.41
2009-09-03,19.01,19.24,18.73,19.08,373600,18.21
2009-09-02,18.83,18.94,18.30,18.90,821300,18.04
2009-09-01,19.72,20.20,18.87,19.05,723200,18.18
2009-08-31,19.91,20.08,19.57,19.79,614200,18.89
2009-08-28,20.99,20.99,19.84,20.07,678900,19.15
2009-08-27,20.64,20.73,19.78,20.67,466000,19.73
2009-08-26,20.91,20.92,20.27,20.46,623400,19.53
2009-08-25,20.83,21.31,20.71,21.02,517400,19.89
2009-08-24,20.71,21.22,20.55,20.64,944800,19.53
2009-08-21,20.48,21.00,20.21,20.68,680700,19.57
2009-08-20,20.24,20.42,19.87,20.23,488800,19.14
2009-08-19,19.66,20.50,19.51,20.24,518000,19.15
2009-08-18,19.48,20.24,19.23,20.17,799800,19.08
2009-08-17,19.50,19.55,19.03,19.44,689500,18.39
2009-08-14,20.19,20.19,19.50,19.86,638600,18.79
2009-08-13,20.18,20.30,19.88,20.19,525100,19.10
2009-08-12,19.78,20.36,19.56,19.98,763200,18.90
2009-08-11,19.74,19.89,19.40,19.71,811000,18.65
2009-08-10,20.11,20.11,19.56,19.74,599900,18.68
2009-08-07,19.55,20.39,19.53,20.18,762500,19.09
2009-08-06,19.38,19.68,19.07,19.18,604100,18.15
2009-08-05,19.42,19.95,19.07,19.20,765300,18.17
2009-08-04,18.66,20.09,18.66,19.65,1171200,18.59
2009-08-03,18.69,18.73,17.97,18.62,982600,17.62
2009-07-31,17.66,18.56,17.35,18.30,681100,17.32
2009-07-30,17.33,18.71,16.61,17.64,2344800,16.69
2009-07-29,15.75,16.06,15.35,15.43,353900,14.60
2009-07-28,16.00,16.42,15.72,15.99,326200,15.13
2009-07-27,15.84,16.25,15.72,16.10,418900,15.23
2009-07-24,16.16,16.21,15.72,16.00,396400,15.14
2009-07-23,15.60,16.35,15.39,16.26,304300,15.39
2009-07-22,15.20,15.75,15.14,15.54,305900,14.70
2009-07-21,15.52,15.72,15.15,15.32,226500,14.50
2009-07-20,14.83,15.35,14.76,15.28,259500,14.46
2009-07-17,14.63,14.82,14.23,14.73,388400,13.94
2009-07-16,14.39,14.66,14.15,14.62,330500,13.83
2009-07-15,13.84,14.52,13.67,14.43,378300,13.65
2009-07-14,13.01,13.66,13.01,13.54,313500,12.81
2009-07-13,12.79,13.22,12.40,13.19,277200,12.48
2009-07-10,12.67,12.87,12.55,12.78,240100,12.09
2009-07-09,12.51,12.95,12.18,12.83,407400,12.14
2009-07-08,12.71,12.71,12.26,12.36,506400,11.69
2009-07-07,12.50,12.80,12.48,12.65,513100,11.97
2009-07-06,12.43,12.60,12.20,12.54,249400,11.87
2009-07-02,12.70,12.81,12.28,12.48,354300,11.81
2009-07-01,12.72,13.10,12.52,12.87,337500,12.18
2009-06-30,12.47,12.69,12.36,12.58,441000,11.90
2009-06-29,12.21,12.67,12.06,12.49,395000,11.82
2009-06-26,12.00,12.23,11.78,12.18,680700,11.52
2009-06-25,11.74,12.08,11.55,12.07,430900,11.42
2009-06-24,11.82,12.21,11.74,12.08,461400,11.43
2009-06-23,11.69,12.04,11.41,11.72,385400,11.09
2009-06-22,12.27,12.61,11.74,11.74,358100,11.11
2009-06-19,13.10,13.10,12.29,12.39,412800,11.72
2009-06-18,12.32,12.62,12.23,12.48,368700,11.81
2009-06-17,12.51,12.73,11.82,12.37,840900,11.70
2009-06-16,13.09,13.35,12.36,12.52,1212100,11.85
2009-06-15,13.41,13.56,12.66,13.00,1182200,12.30
2009-06-12,15.68,15.74,13.25,13.52,2717200,12.79
2009-06-11,16.21,16.70,15.71,15.81,583000,14.96
2009-06-10,16.22,16.45,15.77,15.99,517700,15.13
2009-06-09,16.12,16.39,16.01,16.12,506700,15.25
2009-06-08,16.04,16.21,15.62,16.08,729900,15.21
2009-06-05,16.66,17.00,15.83,16.12,734400,15.25
2009-06-04,16.25,16.54,16.01,16.50,914000,15.61
2009-06-03,16.21,16.43,15.83,16.06,802100,15.20
2009-06-02,16.33,16.47,15.76,16.30,857400,15.42
2009-06-01,16.25,16.52,15.94,16.38,931600,15.50
2009-05-29,16.10,16.21,15.63,15.97,815800,15.11
2009-05-28,15.48,15.95,15.01,15.79,2145400,14.94
2009-05-27,17.16,17.57,16.56,16.64,565100,15.74
2009-05-26,16.43,17.41,16.14,17.27,451200,16.17
2009-05-22,16.72,16.87,16.41,16.50,288500,15.45
2009-05-21,16.97,16.99,16.32,16.70,462900,15.64
2009-05-20,17.23,18.08,17.11,17.25,384300,16.15
2009-05-19,16.97,17.43,16.42,17.16,363100,16.07
2009-05-18,17.20,17.20,16.67,17.14,413300,16.05
2009-05-15,16.38,17.57,16.01,17.08,640100,15.99
2009-05-14,15.39,16.60,15.38,16.39,732400,15.35
2009-05-13,16.09,16.09,15.23,15.38,520600,14.40
2009-05-12,17.00,17.40,15.93,16.35,674000,15.31
2009-05-11,17.65,17.65,16.88,16.94,529400,15.86
2009-05-08,17.24,18.21,17.24,17.93,677900,16.79
2009-05-07,18.07,18.42,16.69,16.90,566600,15.82
2009-05-06,17.37,17.98,17.10,17.87,590800,16.73
2009-05-05,17.46,17.88,16.68,16.97,517400,15.89
2009-05-04,16.08,17.50,15.75,17.43,999300,16.32
2009-05-01,14.43,15.54,13.92,15.02,518400,14.06
2009-04-30,15.25,15.91,14.26,14.60,904500,13.67
2009-04-29,14.38,15.63,14.23,15.12,688300,14.16
2009-04-28,14.33,14.72,14.00,14.20,610200,13.30
2009-04-27,14.30,14.69,14.10,14.53,384500,13.60
2009-04-24,14.15,14.94,13.90,14.74,336200,13.80
2009-04-23,14.14,14.27,13.62,14.04,330200,13.15
2009-04-22,13.75,14.51,13.44,14.13,296900,13.23
2009-04-21,12.92,14.02,12.67,13.88,467100,13.00
2009-04-20,13.49,13.49,12.77,12.94,568800,12.12
2009-04-17,13.39,13.90,13.27,13.69,336300,12.82
2009-04-16,13.05,13.48,12.93,13.34,495000,12.49
2009-04-15,12.45,12.89,12.24,12.84,329000,12.02
2009-04-14,12.34,12.73,11.95,12.42,348200,11.63
2009-04-13,12.67,12.72,12.23,12.42,441300,11.63
2009-04-09,11.83,12.94,11.65,12.85,598400,12.03
2009-04-08,11.01,11.51,10.97,11.51,546700,10.78
2009-04-07,11.14,11.29,10.58,10.90,748200,10.21
2009-04-06,11.79,12.41,11.79,12.04,475800,11.27
2009-04-03,12.02,12.09,11.76,11.95,485100,11.19
2009-04-02,11.41,12.17,11.15,12.03,604800,11.26
2009-04-01,10.32,11.11,10.12,11.00,612800,10.30
2009-03-31,10.18,10.64,10.07,10.51,766800,9.84
2009-03-30,10.19,10.46,9.91,10.01,325000,9.37
2009-03-27,10.54,10.90,10.51,10.58,465400,9.91
2009-03-26,10.35,10.83,10.21,10.83,485200,10.14
2009-03-25,10.01,10.42,9.75,10.17,397700,9.52
2009-03-24,9.72,10.31,9.50,10.01,435200,9.37
2009-03-23,9.48,9.87,9.48,9.87,479200,9.24
2009-03-20,9.44,9.90,8.91,9.33,1045600,8.74
2009-03-19,10.09,10.43,9.94,10.29,659200,9.63
2009-03-18,9.37,10.05,9.35,9.97,386100,9.34
2009-03-17,9.52,9.58,9.16,9.58,221000,8.97
2009-03-16,9.50,9.81,9.29,9.35,535300,8.75
2009-03-13,9.22,9.30,8.90,9.24,441300,8.65
2009-03-12,9.06,9.17,8.53,9.12,941900,8.54
2009-03-11,8.91,9.02,8.66,8.94,683700,8.37
2009-03-10,8.27,9.00,8.23,8.91,912900,8.34
2009-03-09,8.20,8.28,7.97,8.04,571300,7.53
2009-03-06,8.61,8.62,7.97,8.15,699300,7.63
2009-03-05,9.03,9.09,8.22,8.35,527300,7.82
2009-03-04,9.46,9.51,9.07,9.24,538100,8.65
2009-03-03,9.65,9.70,9.09,9.17,422400,8.59
2009-03-02,10.29,10.36,9.53,9.56,516500,8.95
2009-02-27,10.58,10.90,10.47,10.48,963200,9.81
2009-02-26,11.02,11.19,10.77,10.83,412500,10.14
2009-02-25,10.94,11.12,10.71,10.84,529200,10.15
2009-02-24,10.92,11.20,10.59,11.04,405000,10.17
2009-02-23,11.22,11.35,10.83,10.83,477200,9.98
2009-02-20,11.41,11.59,10.98,11.14,485500,10.26
2009-02-19,12.26,12.28,11.55,11.61,316300,10.69
2009-02-18,12.30,12.44,11.90,12.08,383400,11.13
2009-02-17,12.50,12.50,12.10,12.19,484300,11.23
2009-02-13,13.39,13.55,12.76,12.87,362200,11.85
2009-02-12,12.98,13.54,12.66,13.34,714400,12.29
2009-02-11,13.00,13.37,12.86,13.04,551700,12.01
2009-02-10,13.27,13.52,12.78,12.91,683000,11.89
2009-02-09,13.19,13.42,13.03,13.35,919400,12.30
2009-02-06,12.78,13.32,12.78,13.13,1051700,12.09
2009-02-05,12.67,13.15,12.42,12.78,514800,11.77
2009-02-04,12.44,13.09,12.32,12.71,599800,11.71
2009-02-03,12.81,12.94,12.15,12.38,533000,11.40
2009-02-02,13.11,13.41,12.68,12.88,506400,11.86
2009-01-30,13.23,13.54,13.16,13.36,1131400,12.31
2009-01-29,15.13,15.33,13.06,13.16,942100,12.12
2009-01-28,14.81,15.60,14.70,15.60,436100,14.37
2009-01-27,14.56,14.90,14.17,14.50,574400,13.36
2009-01-26,14.23,14.78,14.12,14.54,373200,13.39
2009-01-23,13.84,14.34,13.67,14.19,512400,13.07
2009-01-22,14.57,14.67,14.01,14.19,534200,13.07
2009-01-21,14.60,14.82,14.12,14.79,554900,13.62
2009-01-20,15.27,15.29,14.37,14.49,410600,13.35
2009-01-16,15.17,15.57,14.90,15.39,489100,14.18
2009-01-15,14.34,15.17,14.03,15.05,362800,13.86
2009-01-14,14.99,15.09,14.33,14.65,370700,13.49
2009-01-13,15.18,15.43,14.94,15.40,422800,14.18
2009-01-12,15.94,15.95,15.02,15.31,439600,14.10
2009-01-09,16.02,16.57,15.29,16.05,902600,14.78
2009-01-08,15.42,16.16,15.09,16.09,493600,14.82
2009-01-07,16.07,16.08,15.27,15.39,425100,14.18
2009-01-06,16.03,16.66,15.84,16.38,493800,15.09
2009-01-05,15.54,16.10,15.24,15.82,486500,14.57
2009-01-02,15.37,15.78,14.87,15.66,346400,14.42
2008-12-31,14.88,15.41,14.83,15.30,671900,14.09
2008-12-30,14.16,14.96,14.10,14.93,606200,13.75
2008-12-29,14.09,14.19,13.69,13.97,428400,12.87
2008-12-26,14.07,14.15,13.88,13.99,264600,12.89
2008-12-24,13.74,14.12,13.74,13.98,135900,12.88
2008-12-23,14.28,14.58,13.73,13.80,452800,12.71
2008-12-22,14.69,14.69,13.88,14.32,659100,13.19
2008-12-19,14.48,14.92,14.17,14.74,896300,13.58
2008-12-18,14.65,14.65,14.04,14.45,969000,13.31
2008-12-17,14.75,15.00,14.32,14.53,869900,13.38
2008-12-16,14.85,15.10,13.42,15.03,1317400,13.84
2008-12-15,16.98,17.04,15.14,15.63,1106500,14.40
2008-12-12,16.19,17.34,15.99,16.98,792200,15.64
2008-12-11,17.60,18.50,16.70,16.86,1632200,15.53
2008-12-10,20.20,20.87,19.98,20.57,515400,18.95
2008-12-09,19.72,20.52,19.43,19.89,841300,18.32
2008-12-08,19.67,20.38,19.06,19.83,768700,18.26
2008-12-05,18.31,19.23,17.28,19.20,553500,17.68
2008-12-04,18.38,19.12,17.96,18.46,378000,17.00
2008-12-03,18.35,19.42,18.01,18.80,582400,17.32
2008-12-02,17.95,18.96,17.83,18.94,457800,17.45
2008-12-01,20.40,20.40,17.61,17.64,718200,16.25
2008-11-28,20.06,20.72,19.90,20.69,117300,19.06
2008-11-26,19.15,20.43,18.82,20.24,543100,18.64
2008-11-25,19.84,19.85,18.55,19.52,596800,17.98
2008-11-24,18.06,19.89,17.79,19.52,523300,17.81
2008-11-21,17.19,18.01,16.72,17.89,1105900,16.33
2008-11-20,18.83,19.54,17.25,17.29,827700,15.78
2008-11-19,20.90,21.53,19.08,19.11,456900,17.44
2008-11-18,21.05,21.45,20.10,20.90,381200,19.07
2008-11-17,21.21,21.97,20.98,20.99,428500,19.15
2008-11-14,22.28,22.67,21.28,21.38,400800,19.51
2008-11-13,21.16,22.67,20.00,22.67,773200,20.69
2008-11-12,22.52,22.52,20.97,21.04,486000,19.20
2008-11-11,23.74,23.98,22.36,22.92,395900,20.92
2008-11-10,25.38,25.61,23.47,23.98,382100,21.88
2008-11-07,24.42,25.07,24.18,24.86,422600,22.69
2008-11-06,25.48,25.87,24.24,24.24,443200,22.12
2008-11-05,26.40,27.16,25.49,25.60,357400,23.36
2008-11-04,27.28,27.59,26.34,26.71,489500,24.37
2008-11-03,26.28,27.30,26.04,26.84,390600,24.49
2008-10-31,25.09,26.79,25.09,26.45,551500,24.14
2008-10-30,26.60,26.60,23.52,25.35,655300,23.13
2008-10-29,24.40,25.35,23.90,24.76,595400,22.60
2008-10-28,22.11,24.55,21.38,24.55,562000,22.40
2008-10-27,22.44,23.33,21.76,21.77,363800,19.87
2008-10-24,22.40,23.55,22.09,22.96,717300,20.95
2008-10-23,23.68,24.63,22.56,23.74,1074900,21.66
2008-10-22,24.21,24.34,22.95,23.45,940100,21.40
2008-10-21,25.08,25.88,24.75,24.80,738100,22.63
2008-10-20,24.47,25.81,24.43,25.41,615800,23.19
2008-10-17,23.35,25.74,23.05,24.29,628400,22.17
2008-10-16,23.20,24.92,21.98,24.02,1743300,21.92
2008-10-15,25.55,25.77,23.00,23.20,728700,21.17
2008-10-14,26.81,27.38,25.33,26.10,779600,23.82
2008-10-13,24.15,26.07,23.97,26.07,942300,23.79
2008-10-10,22.67,24.49,21.71,23.29,1259400,21.25
2008-10-09,26.23,26.94,23.77,23.84,905400,21.76
2008-10-08,26.64,27.73,25.89,26.25,1160200,23.96
2008-10-07,29.65,30.01,27.01,27.01,1138000,24.65
2008-10-06,29.11,29.75,27.64,29.36,833700,26.79
2008-10-03,31.47,31.96,30.15,30.36,580700,27.71
2008-10-02,31.60,31.99,30.68,31.03,699300,28.32
2008-10-01,31.55,32.00,31.06,31.75,393800,28.97
2008-09-30,31.57,31.84,30.88,31.78,649400,29.00
2008-09-29,31.07,31.39,29.75,31.00,808500,28.29
2008-09-26,31.47,31.62,30.73,31.49,595800,28.74
2008-09-25,31.81,32.74,31.48,32.03,557800,29.23
2008-09-24,31.60,32.00,30.79,31.32,581800,28.58
2008-09-23,32.55,33.15,31.40,31.60,498900,28.84
2008-09-22,33.30,33.30,32.34,32.50,842400,29.66
2008-09-19,32.49,33.46,31.93,33.46,891200,30.53
2008-09-18,30.10,31.69,29.15,31.25,1374700,28.52
2008-09-17,30.99,31.00,29.43,29.74,789100,27.14
2008-09-16,30.72,31.62,30.02,31.44,711200,28.69
2008-09-15,31.29,32.21,30.92,31.10,599300,28.38
2008-09-12,31.76,32.55,31.57,32.31,758700,29.49
2008-09-11,31.67,32.18,30.95,31.88,569200,29.09
2008-09-10,30.45,32.49,30.31,31.93,1248400,29.14
2008-09-09,31.13,31.84,30.12,30.12,789800,27.49
2008-09-08,30.57,31.18,30.42,31.02,501200,28.31
2008-09-05,30.20,30.47,29.43,30.17,524300,27.53
2008-09-04,30.27,31.45,30.24,30.38,1010900,27.72
2008-09-03,28.81,30.48,28.81,30.41,1044800,27.75
2008-09-02,27.68,29.11,27.68,28.11,912200,25.65
2008-08-29,27.52,28.27,27.52,27.67,541900,25.25
2008-08-28,27.01,27.75,26.91,27.54,208900,25.13
2008-08-27,26.62,27.10,26.55,26.82,251300,24.48
2008-08-26,26.32,27.16,26.32,26.61,454000,24.12
2008-08-25,26.61,26.69,26.15,26.34,383900,23.87
2008-08-22,26.61,26.92,26.40,26.78,187300,24.27
2008-08-21,26.67,26.74,26.24,26.60,269900,24.11
2008-08-20,27.31,27.31,26.43,26.78,325200,24.27
2008-08-19,27.87,28.07,26.93,27.12,222800,24.58
2008-08-18,28.68,28.86,27.85,27.92,255800,25.31
2008-08-15,28.77,29.44,28.52,28.63,343500,25.95
2008-08-14,28.31,29.01,28.09,28.72,481300,26.03
2008-08-13,28.43,28.60,28.08,28.39,408200,25.73
2008-08-12,29.26,29.92,28.33,28.42,469100,25.76
2008-08-11,27.95,29.36,27.35,29.24,1050000,26.50
2008-08-08,26.43,27.64,26.38,27.56,476300,24.98
2008-08-07,26.85,26.89,26.25,26.36,329200,23.89
2008-08-06,26.99,27.23,26.73,27.00,451500,24.47
2008-08-05,25.66,27.03,25.51,26.90,736400,24.38
2008-08-04,26.25,26.25,25.47,25.52,364200,23.13
2008-08-01,27.03,27.03,26.30,26.32,322000,23.86
2008-07-31,25.90,27.42,25.77,26.83,1068700,24.32
2008-07-30,25.89,26.21,25.55,26.03,632200,23.59
2008-07-29,25.08,25.83,24.86,25.59,709800,23.19
2008-07-28,26.40,26.58,25.08,25.13,677700,22.78
2008-07-25,27.86,27.86,26.46,26.54,652700,24.06
2008-07-24,27.35,29.14,27.15,27.23,1245000,24.68
2008-07-23,24.59,26.20,24.59,25.39,860600,23.01
2008-07-22,24.51,24.82,24.14,24.75,435200,22.43
2008-07-21,24.57,24.82,24.30,24.61,417200,22.31
2008-07-18,24.59,25.16,24.45,24.51,546400,22.22
2008-07-17,23.32,24.81,23.32,24.70,637600,22.39
2008-07-16,22.95,23.22,22.30,23.18,397900,21.01
2008-07-15,22.58,23.31,21.98,22.83,475000,20.69
2008-07-14,23.21,23.21,22.47,22.71,514900,20.58
2008-07-11,22.59,23.51,22.40,22.99,569400,20.84
2008-07-10,23.59,23.65,22.68,22.83,506700,20.69
2008-07-09,23.67,24.10,23.14,23.22,621300,21.05
2008-07-08,22.78,23.66,22.39,23.58,668500,21.37
2008-07-07,23.11,23.31,22.59,22.84,568300,20.70
2008-07-03,23.39,23.43,22.83,22.98,392200,20.83
2008-07-02,23.63,23.99,23.25,23.32,920700,21.14
2008-07-01,23.94,23.94,23.12,23.72,629800,21.50
2008-06-30,25.10,25.10,24.24,24.31,697000,22.03
2008-06-27,25.68,25.87,25.07,25.25,886100,22.89
2008-06-26,26.57,26.57,25.73,25.78,504800,23.37
2008-06-25,26.09,26.95,26.09,26.70,490700,24.20
2008-06-24,26.63,26.89,25.98,26.05,540000,23.61
2008-06-23,27.44,27.47,26.32,26.99,590500,24.46
2008-06-20,29.01,29.05,28.29,28.36,432600,25.71
2008-06-19,29.13,29.31,28.77,29.25,386400,26.51
2008-06-18,29.24,29.46,28.80,29.15,420000,26.42
2008-06-17,30.15,30.15,29.41,29.42,296300,26.67
2008-06-16,30.02,30.06,29.43,30.01,376200,27.20
2008-06-13,29.66,30.22,29.62,30.07,379600,27.26
2008-06-12,29.48,30.08,29.30,29.51,483800,26.75
2008-06-11,30.80,30.80,29.39,29.50,612700,26.74
2008-06-10,31.00,31.10,30.55,30.88,228900,27.99
2008-06-09,31.39,31.40,30.77,31.15,225300,28.23
2008-06-06,31.94,32.16,31.18,31.38,624400,28.44
2008-06-05,32.11,32.36,31.48,32.36,931100,29.33
2008-06-04,31.56,32.34,31.21,32.05,316100,29.05
2008-06-03,31.50,31.97,31.11,31.61,426400,28.65
2008-06-02,31.80,31.92,30.95,31.44,590700,28.50
2008-05-30,32.05,32.26,31.47,32.04,467100,29.04
2008-05-29,31.52,32.43,31.43,32.10,820000,29.10
2008-05-28,31.36,31.49,30.67,31.43,451500,28.49
2008-05-27,32.00,32.18,31.40,31.58,423900,28.46
2008-05-23,32.39,32.55,31.43,31.99,281300,28.83
2008-05-22,32.66,32.98,32.36,32.43,268400,29.23
2008-05-21,33.02,33.43,32.67,32.73,219500,29.50
2008-05-20,33.33,33.39,32.82,32.90,240800,29.65
2008-05-19,33.49,33.66,33.21,33.50,224400,30.19
2008-05-16,33.51,33.72,32.95,33.50,357400,30.19
2008-05-15,33.04,33.45,32.72,33.36,241200,30.07
2008-05-14,32.31,33.35,32.11,33.12,464500,29.85
2008-05-13,32.32,32.42,31.84,32.29,331300,29.10
2008-05-12,32.03,32.45,31.81,32.37,259800,29.17
2008-05-09,31.71,32.10,31.59,32.01,229100,28.85
2008-05-08,31.78,32.25,31.49,32.04,414100,28.88
2008-05-07,31.46,32.00,31.31,31.65,494800,28.52
2008-05-06,31.16,31.74,30.84,31.29,452700,28.20
2008-05-05,31.23,31.71,31.03,31.46,504100,28.35
2008-05-02,31.00,31.50,30.77,31.13,751400,28.06
2008-05-01,27.93,31.00,27.93,30.95,1121100,27.89
2008-04-30,28.93,29.50,28.80,29.16,428000,26.28
2008-04-29,28.86,29.12,28.63,28.72,171500,25.88
2008-04-28,28.91,29.01,28.50,28.85,236400,26.00
2008-04-25,28.55,28.81,28.27,28.81,379600,25.96
2008-04-24,28.29,28.88,27.90,28.48,484700,25.67
2008-04-23,29.33,29.33,28.26,28.32,681400,25.52
2008-04-22,30.21,30.33,28.87,29.26,368100,26.37
2008-04-21,30.00,30.33,29.62,30.31,270600,27.32
2008-04-18,29.94,30.40,29.67,30.29,234300,27.30
2008-04-17,29.45,29.67,29.00,29.57,271900,26.65
2008-04-16,28.91,29.53,28.50,29.50,394700,26.59
2008-04-15,29.11,29.21,28.59,28.84,362600,25.99
2008-04-14,29.30,29.46,28.88,29.00,389000,26.14
2008-04-11,29.41,29.93,29.23,29.37,222900,26.47
2008-04-10,29.42,30.02,29.27,30.02,250700,27.06
2008-04-09,30.32,30.47,29.41,29.47,381900,26.56
2008-04-08,30.14,30.29,29.61,30.14,357900,27.16
2008-04-07,29.75,30.60,29.75,30.37,639400,27.37
2008-04-04,29.39,29.57,28.83,29.46,289800,26.55
2008-04-03,28.87,29.72,28.71,29.48,417600,26.57
2008-04-02,28.68,29.26,28.48,29.01,359600,26.14
2008-04-01,27.69,28.84,27.66,28.78,440500,25.94
2008-03-31,27.62,28.14,27.26,28.00,535000,25.23
2008-03-28,28.36,28.36,27.57,27.80,472900,25.05
2008-03-27,28.75,28.96,28.30,28.36,304700,25.56
2008-03-26,29.19,29.42,28.59,28.81,734900,25.96
2008-03-25,28.33,29.38,28.25,29.35,884600,26.45
2008-03-24,27.13,28.93,27.04,28.33,654900,25.53
2008-03-20,26.50,27.13,26.25,27.02,550000,24.35
2008-03-19,26.97,27.73,26.39,26.39,558000,23.78
2008-03-18,26.27,26.82,26.04,26.77,472900,24.13
2008-03-17,25.50,26.37,25.47,25.93,344200,23.37
2008-03-14,27.33,27.33,25.79,26.05,432200,23.48
2008-03-13,26.55,27.28,26.08,27.06,351200,24.39
2008-03-12,26.75,27.27,26.50,26.82,300000,24.17
2008-03-11,26.78,26.86,26.02,26.82,498600,24.17
2008-03-10,26.30,26.70,25.80,25.86,474800,23.31
2008-03-07,27.13,27.41,26.30,26.33,414600,23.73
2008-03-06,27.54,27.85,27.20,27.33,354700,24.63
2008-03-05,27.57,27.98,27.21,27.63,334700,24.90
2008-03-04,27.05,27.55,26.88,27.32,415800,24.62
2008-03-03,27.32,27.46,26.83,27.35,312000,24.65
2008-02-29,28.14,28.21,27.33,27.40,383700,24.69
2008-02-28,28.46,29.01,28.16,28.26,358300,25.47
2008-02-27,28.41,28.94,28.31,28.80,383700,25.96
2008-02-26,28.44,28.95,28.40,28.77,389600,25.77
2008-02-25,27.86,28.64,27.61,28.58,403200,25.60
2008-02-22,27.77,27.95,27.47,27.94,411400,25.02
2008-02-21,28.66,28.90,27.64,27.67,350300,24.78
2008-02-20,27.89,28.55,27.87,28.55,524700,25.57
2008-02-19,28.53,28.60,27.75,27.97,526400,25.05
2008-02-15,28.43,28.67,28.05,28.23,260500,25.28
2008-02-14,29.03,29.12,28.43,28.60,229300,25.61
2008-02-13,29.29,29.83,28.92,29.05,343900,26.02
2008-02-12,29.21,29.70,28.92,29.11,294500,26.07
2008-02-11,29.34,29.34,28.39,29.01,274700,25.98
2008-02-08,29.18,29.65,29.11,29.37,261700,26.30
2008-02-07,29.73,30.18,28.91,29.27,472700,26.21
2008-02-06,29.63,30.11,29.25,29.93,654800,26.81
2008-02-05,30.40,30.77,29.54,29.60,351500,26.51
2008-02-04,30.51,30.90,30.11,30.52,427800,27.33
2008-02-01,29.68,30.66,29.31,30.54,492200,27.35
2008-01-31,28.87,29.95,28.72,29.66,508600,26.56
2008-01-30,30.04,30.16,29.25,29.31,649900,26.25
2008-01-29,31.05,31.05,29.89,30.08,621900,26.94
2008-01-28,31.20,31.20,29.91,30.89,659500,27.66
2008-01-25,31.65,32.10,31.21,31.45,708200,28.17
2008-01-24,32.00,33.50,31.22,31.49,1358900,28.20
2008-01-23,27.90,30.40,27.70,30.28,631000,27.12
2008-01-22,28.70,29.41,28.10,28.23,821000,25.28
2008-01-18,30.22,30.38,29.46,29.70,472700,26.60
2008-01-17,31.07,31.30,30.06,30.09,462600,26.95
2008-01-16,30.80,31.73,30.50,31.01,450800,27.77
2008-01-15,31.41,31.41,30.42,30.90,512600,27.67
2008-01-14,31.34,31.91,31.17,31.78,302300,28.46
2008-01-11,30.74,31.33,30.50,31.06,334600,27.82
2008-01-10,30.81,31.08,30.15,30.73,575600,27.52
2008-01-09,31.00,31.28,30.29,30.98,583700,27.75
2008-01-08,32.28,32.37,30.86,31.05,429600,27.81
2008-01-07,31.89,32.60,31.51,32.05,400300,28.70
2008-01-04,31.51,32.33,31.45,31.84,469500,28.52
2008-01-03,32.19,32.21,31.61,31.87,506200,28.54
2008-01-02,33.17,33.25,31.90,32.20,454800,28.84
2007-12-31,33.83,33.94,33.25,33.34,519900,29.86
2007-12-28,33.72,34.01,33.03,33.94,400600,30.40
2007-12-27,33.64,33.74,33.11,33.43,329800,29.94
2007-12-26,33.41,33.75,33.29,33.58,187400,30.07
2007-12-24,33.56,33.69,33.03,33.46,120500,29.97
2007-12-21,33.30,33.86,33.26,33.63,459000,30.12
2007-12-20,33.61,33.63,32.80,33.34,314600,29.86
2007-12-19,33.31,33.51,33.03,33.30,286200,29.82
2007-12-18,32.72,33.51,32.47,33.43,335300,29.94
2007-12-17,33.50,33.50,32.24,32.28,377900,28.91
2007-12-14,34.70,34.70,33.42,33.60,388800,30.09
2007-12-13,34.00,34.41,33.95,34.15,269800,30.58
2007-12-12,34.76,35.19,33.64,34.32,278200,30.74
2007-12-11,35.55,35.86,34.01,34.04,262100,30.49
2007-12-10,35.02,35.46,34.82,35.40,209000,31.70
2007-12-07,35.52,35.66,34.80,35.02,395900,31.36
2007-12-06,34.67,35.64,34.54,35.51,444100,31.80
2007-12-05,35.10,35.55,34.33,34.81,632200,31.18
2007-12-04,34.33,35.05,34.33,34.67,426400,31.05
2007-12-03,34.29,35.25,34.12,34.33,631600,30.75
2007-11-30,33.15,34.42,33.15,34.42,856300,30.83
2007-11-29,32.12,33.19,32.12,32.85,294500,29.42
2007-11-28,31.46,32.44,31.10,32.34,511200,28.96
2007-11-27,30.80,31.89,30.80,31.46,423800,28.01
2007-11-26,31.35,31.59,30.66,30.72,301900,27.36
2007-11-23,31.19,31.58,30.95,31.34,98500,27.91
2007-11-21,31.16,31.25,30.44,31.04,403500,27.64
2007-11-20,31.59,32.02,30.85,31.31,467700,27.88
2007-11-19,32.48,32.48,31.43,31.54,834100,28.09
2007-11-16,33.27,33.40,32.43,32.61,451000,29.04
2007-11-15,33.35,33.49,32.87,33.09,653000,29.47
2007-11-14,33.46,33.61,33.06,33.36,409700,29.71
2007-11-13,33.30,33.59,32.62,33.35,974800,29.70
2007-11-12,31.94,33.26,31.94,32.93,649200,29.32
2007-11-09,32.44,32.50,31.63,32.03,826000,28.52
2007-11-08,33.48,33.61,32.28,32.75,793000,29.16
2007-11-07,33.82,34.34,33.25,33.33,579300,29.68
2007-11-06,34.74,35.05,33.98,34.68,465000,30.88
2007-11-05,35.87,35.87,34.59,34.96,653900,31.13
2007-11-02,36.44,36.67,35.15,36.47,816800,32.48
2007-11-01,35.48,38.24,34.63,36.45,1450400,32.46
2007-10-31,35.43,35.75,33.92,35.01,726100,31.18
2007-10-30,35.77,36.33,35.61,35.61,189100,31.71
2007-10-29,36.00,36.28,35.59,35.86,241500,31.93
2007-10-26,36.77,37.01,35.22,35.81,438800,31.89
2007-10-25,37.15,37.15,36.01,36.54,347600,32.54
2007-10-24,36.95,37.24,36.25,37.04,264200,32.98
2007-10-23,36.51,37.17,36.37,37.11,334400,33.05
2007-10-22,34.67,36.66,34.54,36.42,571900,32.43
2007-10-19,36.12,36.14,34.89,34.89,386800,31.07
2007-10-18,36.24,36.67,36.01,36.18,231400,32.22
2007-10-17,36.83,36.85,35.87,36.33,289600,32.35
2007-10-16,37.15,37.40,36.31,36.55,456000,32.55
2007-10-15,38.04,38.21,37.24,37.43,344800,33.33
2007-10-12,37.77,38.40,37.71,38.11,246500,33.94
2007-10-11,37.62,38.45,37.43,37.75,364900,33.62
2007-10-10,37.90,37.99,37.41,37.61,234000,33.49
2007-10-09,37.49,38.06,37.33,37.93,445100,33.78
2007-10-08,37.64,40.49,37.12,37.30,394600,33.21
2007-10-05,36.97,37.74,36.84,37.72,341900,33.59
2007-10-04,36.32,36.74,36.04,36.64,398600,32.63
2007-10-03,36.25,36.70,35.97,36.13,316200,32.17
2007-10-02,36.27,36.59,35.76,36.38,490200,32.40
2007-10-01,35.53,36.34,35.53,36.33,493900,32.35
2007-09-28,36.74,36.95,34.94,35.53,984600,31.64
2007-09-27,37.11,37.24,36.49,36.74,1416100,32.72
2007-09-26,36.85,37.15,36.26,36.91,779500,32.87
2007-09-25,37.80,37.82,36.47,36.59,858000,32.58
2007-09-24,39.50,39.62,37.91,38.01,472600,33.85
2007-09-21,38.66,39.41,38.58,39.34,765400,35.03
2007-09-20,39.50,39.63,38.40,38.47,895300,34.26
2007-09-19,40.01,40.41,39.30,39.48,620200,35.16
2007-09-18,37.57,40.09,37.52,39.98,577300,35.60
2007-09-17,37.45,37.65,37.17,37.20,248700,33.13
2007-09-14,36.83,37.66,36.71,37.53,377900,33.42
2007-09-13,37.78,37.78,37.01,37.10,393200,33.04
2007-09-12,38.07,38.41,37.45,37.53,444800,33.42
2007-09-11,37.55,38.12,37.49,38.11,370000,33.94
2007-09-10,37.45,37.81,36.83,37.39,550400,33.29
2007-09-07,38.90,38.94,37.17,37.30,763500,33.21
2007-09-06,39.48,39.79,39.00,39.30,299600,35.00
2007-09-05,39.66,39.99,39.25,39.46,309700,35.14
2007-09-04,40.10,40.32,39.42,40.01,267300,35.63
2007-08-31,40.45,40.92,40.16,40.34,441800,35.92
2007-08-30,39.15,40.38,39.11,40.06,434500,35.67
2007-08-29,38.54,39.56,38.54,39.54,287800,35.21
2007-08-28,39.13,39.40,38.33,38.34,350900,33.98
2007-08-27,39.78,40.21,39.27,39.37,332600,34.89
2007-08-24,38.90,39.86,38.77,39.83,416300,35.30
2007-08-23,39.34,39.44,38.53,39.02,399600,34.58
2007-08-22,38.65,39.68,38.65,39.25,396700,34.79
2007-08-21,38.75,39.10,38.29,38.29,573800,33.94
2007-08-20,38.71,39.55,38.10,39.23,459000,34.77
2007-08-17,38.42,39.60,37.03,38.54,491900,34.16
2007-08-16,37.22,38.45,36.74,38.42,589100,34.05
2007-08-15,37.75,38.86,36.83,37.27,573800,33.03
2007-08-14,39.15,39.54,37.85,37.91,560800,33.60
2007-08-13,40.25,40.93,38.24,39.10,794500,34.65
2007-08-10,35.55,40.15,34.48,39.80,921100,35.27
2007-08-09,37.40,39.20,35.42,35.55,1044800,31.51
2007-08-08,39.25,40.19,37.60,38.13,837800,33.79
2007-08-07,39.31,39.60,38.26,38.87,1061600,34.45
2007-08-06,39.42,39.68,38.37,39.56,687200,35.06
2007-08-03,40.75,41.00,39.18,39.22,547700,34.76
2007-08-02,40.40,41.23,40.22,40.70,620500,36.07
2007-08-01,40.34,40.57,39.73,40.41,788800,35.82
2007-07-31,40.33,41.41,40.08,40.38,782400,35.79
2007-07-30,39.24,40.51,39.00,40.16,787000,35.59
2007-07-27,41.05,41.19,38.14,39.25,1398500,34.79
2007-07-26,42.63,43.95,40.28,41.29,1853100,36.59
2007-07-25,47.40,48.05,46.91,47.46,437600,42.06
2007-07-24,47.70,48.05,46.95,47.20,450400,41.83
2007-07-23,48.06,48.43,47.87,47.97,341700,42.52
2007-07-20,48.59,48.69,47.52,48.11,293100,42.64
2007-07-19,48.20,49.14,48.20,48.86,334300,43.30
2007-07-18,48.12,48.49,47.73,47.94,330500,42.49
2007-07-17,47.90,48.87,47.62,48.23,426300,42.75
2007-07-16,47.42,47.90,47.26,47.67,355300,42.25
2007-07-13,47.21,47.53,47.18,47.46,303500,42.06
2007-07-12,46.69,47.23,46.66,47.16,364500,41.80
2007-07-11,46.42,46.75,46.10,46.51,422800,41.22
2007-07-10,46.83,46.87,46.15,46.38,506300,41.11
2007-07-09,46.60,47.99,46.26,47.21,728500,41.84
2007-07-06,48.00,48.10,47.48,47.87,520200,42.43
2007-07-05,48.08,48.50,48.07,48.25,219900,42.76
2007-07-03,48.04,48.57,48.04,48.20,257700,42.72
2007-07-02,47.90,48.19,47.68,48.02,417700,42.56
2007-06-29,47.78,48.09,47.45,47.68,345400,42.26
2007-06-28,47.98,48.15,47.36,47.54,309700,42.13
2007-06-27,47.00,47.94,46.76,47.90,274600,42.45
2007-06-26,46.92,47.73,46.92,47.37,452800,41.98
2007-06-25,47.50,47.74,46.71,46.75,260400,41.43
2007-06-22,47.00,47.54,46.70,47.44,515000,42.05
2007-06-21,47.30,47.50,46.63,47.12,432000,41.76
2007-06-20,48.15,48.47,47.56,47.56,431100,42.15
2007-06-19,47.85,48.22,47.72,48.02,272400,42.56
2007-06-18,47.81,48.15,47.67,47.99,415300,42.53
2007-06-15,48.00,48.08,47.75,47.78,515700,42.35
2007-06-14,48.01,48.15,47.47,47.95,410000,42.50
2007-06-13,47.90,48.49,47.82,48.33,335800,42.83
2007-06-12,47.50,48.06,47.01,47.66,489400,42.24
2007-06-11,46.20,47.90,46.14,47.61,460400,42.20
2007-06-08,45.86,46.27,45.58,46.22,310100,40.96
2007-06-07,46.80,46.82,45.99,45.99,332700,40.76
2007-06-06,47.94,47.95,46.89,46.97,336100,41.63
2007-06-05,48.21,48.31,47.77,48.05,275400,42.59
2007-06-04,48.20,48.40,47.98,48.25,308200,42.76
2007-06-01,48.27,48.66,47.91,48.40,317100,42.90
2007-05-31,47.75,48.47,47.71,48.31,944400,42.82
2007-05-30,46.70,47.80,46.35,47.69,626500,42.27
2007-05-29,46.69,47.55,46.64,46.99,265700,41.65
2007-05-25,46.20,46.77,45.90,46.69,198900,41.38
2007-05-24,47.28,47.28,46.09,46.18,288000,40.93
2007-05-23,47.33,47.54,46.91,47.18,211600,41.82
2007-05-22,47.25,47.55,47.10,47.37,232000,41.82
2007-05-21,46.44,47.29,46.44,47.13,306800,41.61
2007-05-18,46.45,46.96,46.10,46.61,297400,41.15
2007-05-17,45.45,46.61,45.45,46.25,361200,40.84
2007-05-16,45.46,45.88,45.31,45.62,350600,40.28
2007-05-15,45.80,46.15,45.34,45.36,431500,40.05
2007-05-14,45.75,45.96,44.50,45.70,882400,40.35
2007-05-11,46.15,46.20,45.74,45.99,255100,40.61
2007-05-10,46.25,46.30,45.82,46.03,459300,40.64
2007-05-09,46.05,46.75,45.92,46.61,183700,41.15
2007-05-08,45.97,46.30,45.51,46.24,337000,40.83
2007-05-07,46.15,46.74,46.00,46.30,313200,40.88
2007-05-04,45.86,46.37,45.76,46.02,310900,40.63
2007-05-03,45.69,46.05,45.46,45.86,523000,40.49
2007-05-02,44.30,46.14,44.30,45.70,795500,40.35
2007-05-01,45.18,45.29,43.45,44.00,826500,38.85
2007-04-30,46.20,46.70,45.24,45.30,348100,40.00
2007-04-27,46.95,46.95,45.75,46.01,710200,40.62
2007-04-26,46.72,47.23,43.11,46.25,1329900,40.84
2007-04-25,49.24,49.87,48.88,49.77,254300,43.94
2007-04-24,49.05,49.40,48.55,49.04,275800,43.30
2007-04-23,48.65,48.96,48.57,48.92,111600,43.19
2007-04-20,48.61,48.83,48.26,48.83,287700,43.11
2007-04-19,48.47,48.54,47.87,48.25,221800,42.60
2007-04-18,49.24,49.24,48.66,48.75,223700,43.04
2007-04-17,48.90,49.10,48.54,49.02,209900,43.28
2007-04-16,48.19,48.73,47.98,48.73,198200,43.02
2007-04-13,49.01,49.09,47.32,48.01,430100,42.39
2007-04-12,48.48,49.16,45.94,49.10,156300,43.35
2007-04-11,48.67,49.02,48.28,48.67,214700,42.97
2007-04-10,47.85,48.98,47.85,48.59,309200,42.90
2007-04-09,47.98,48.57,47.98,48.34,224000,42.68
2007-04-05,48.00,48.20,47.64,47.73,257100,42.14
2007-04-04,48.08,48.46,47.64,48.20,355800,42.56
2007-04-03,47.77,48.30,47.60,48.00,383700,42.38
2007-04-02,47.69,47.74,46.98,47.52,253000,41.96
2007-03-30,47.64,47.95,47.21,47.73,255400,42.14
2007-03-29,47.40,47.66,46.82,47.58,303100,42.01
2007-03-28,47.70,47.83,47.07,47.15,305200,41.63
2007-03-27,47.79,48.01,47.49,47.92,396400,42.31
2007-03-26,47.94,48.01,47.33,47.82,352300,42.22
2007-03-23,48.22,48.44,47.83,48.02,389500,42.40
2007-03-22,48.05,48.50,47.85,48.30,321500,42.65
2007-03-21,46.94,48.17,46.66,48.01,412300,42.39
2007-03-20,46.43,47.00,46.43,46.95,156800,41.45
2007-03-19,46.44,46.60,46.25,46.50,208900,41.06
2007-03-16,46.72,46.94,46.14,46.19,245000,40.78
2007-03-15,45.74,47.00,45.74,46.61,365200,41.15
2007-03-14,45.88,46.00,45.02,45.74,269800,40.38
2007-03-13,46.80,47.11,45.65,45.78,311400,40.42
2007-03-12,46.25,47.10,46.07,47.05,489200,41.54
2007-03-09,45.12,45.44,44.88,45.25,221600,39.95
2007-03-08,45.46,45.73,44.78,44.88,373800,39.63
2007-03-07,45.05,45.78,44.90,45.22,581400,39.93
2007-03-06,44.19,45.35,44.00,45.17,607600,39.88
2007-03-05,43.70,44.33,43.45,43.85,533600,38.72
2007-03-02,44.19,44.72,43.90,44.16,406800,38.99
2007-03-01,44.00,44.72,43.29,44.19,615700,39.02
2007-02-28,45.10,45.18,43.94,44.67,679200,39.44
2007-02-27,46.50,46.50,44.64,45.26,433400,39.96
2007-02-26,47.49,47.60,46.85,47.00,209900,41.50
2007-02-23,47.33,47.56,47.05,47.31,150000,41.77
2007-02-22,47.28,47.53,47.15,47.40,193900,41.85
2007-02-21,47.52,47.70,47.15,47.37,254900,41.82
2007-02-20,47.15,47.84,47.15,47.81,259500,42.05
2007-02-16,46.74,47.40,46.62,47.06,702900,41.39
2007-02-15,46.85,47.00,46.30,46.80,703400,41.17
2007-02-14,46.99,47.20,46.78,47.00,518100,41.34
2007-02-13,46.98,47.06,46.75,46.96,318900,41.31
2007-02-12,46.56,47.07,46.56,46.85,289600,41.21
2007-02-09,47.02,47.11,46.81,46.87,372300,41.23
2007-02-08,46.56,47.44,46.29,47.10,567400,41.43
2007-02-07,46.30,46.61,46.14,46.58,331100,40.97
2007-02-06,45.65,46.51,45.60,46.25,650900,40.68
2007-02-05,45.89,46.10,45.47,45.55,216100,40.07
2007-02-02,45.50,46.02,45.42,45.83,426000,40.31
2007-02-01,45.06,45.50,45.04,45.22,169700,39.78
2007-01-31,43.75,45.15,43.75,44.74,376900,39.35
2007-01-30,43.86,44.00,43.41,43.92,440700,38.63
2007-01-29,44.04,44.10,43.50,43.61,381000,38.36
2007-01-26,43.49,44.10,43.15,43.95,480800,38.66
2007-01-25,46.25,47.02,43.39,43.39,982200,38.17
2007-01-24,45.90,46.22,45.76,45.83,380600,40.31
2007-01-23,45.41,46.00,45.26,45.75,380000,40.24
2007-01-22,46.56,46.56,45.43,45.57,380500,40.08
2007-01-19,46.39,46.59,45.76,46.49,221700,40.89
2007-01-18,46.69,46.99,46.48,46.48,164800,40.88
2007-01-17,46.66,46.90,46.51,46.73,260700,41.10
2007-01-16,46.49,47.00,46.25,46.70,635700,41.08
2007-01-12,46.31,46.49,45.96,46.38,278600,40.80
2007-01-11,45.54,46.79,45.53,46.46,325700,40.87
2007-01-10,44.85,45.59,44.50,45.52,387400,40.04
2007-01-09,44.10,45.23,44.10,44.95,533300,39.54
2007-01-08,43.82,44.07,43.00,44.05,320400,38.75
2007-01-05,44.15,44.28,43.55,43.90,223000,38.61
2007-01-04,44.05,44.39,43.59,44.37,310400,39.03
2007-01-03,43.70,44.36,43.58,44.21,439100,38.89
2006-12-29,43.10,43.90,43.00,43.57,301600,38.32
2006-12-28,43.50,43.94,43.33,43.35,257300,38.13
2006-12-27,43.23,43.60,43.23,43.54,158100,38.30
2006-12-26,42.58,43.50,42.56,43.48,324400,38.24
2006-12-22,41.85,42.75,41.85,42.33,256500,37.23
2006-12-21,41.55,41.72,41.36,41.63,126100,36.62
2006-12-20,41.89,41.89,41.26,41.52,240900,36.52
2006-12-19,41.24,42.01,41.08,41.99,175000,36.93
2006-12-18,42.11,42.11,41.26,41.32,198300,36.35
2006-12-15,41.54,42.07,41.46,42.01,368700,36.95
2006-12-14,41.60,41.86,41.25,41.52,153400,36.52
2006-12-13,41.81,41.99,41.35,41.62,171000,36.61
2006-12-12,42.10,42.15,41.47,41.56,96000,36.56
2006-12-11,42.25,42.44,42.00,42.20,170000,37.12
2006-12-08,41.96,42.36,41.83,42.22,86000,37.14
2006-12-07,42.40,42.50,41.93,42.05,177700,36.99
2006-12-06,41.92,42.61,41.86,42.42,288600,37.31
2006-12-05,41.65,42.10,41.56,41.89,193400,36.85
2006-12-04,41.52,41.72,41.40,41.65,346300,36.64
2006-12-01,41.25,41.56,40.92,41.42,334000,36.43
2006-11-30,41.52,41.74,41.13,41.13,469200,36.18
2006-11-29,41.37,41.75,41.25,41.58,237900,36.57
2006-11-28,41.56,41.64,41.01,41.27,363600,36.30
2006-11-27,42.99,42.99,41.49,41.58,288100,36.57
2006-11-24,42.67,43.14,42.41,43.14,123000,37.95
2006-11-22,42.72,43.07,42.70,42.99,222800,37.81
2006-11-21,43.28,43.32,42.57,42.71,180600,37.57
2006-11-20,43.00,43.75,42.99,43.49,265900,38.10
2006-11-17,42.82,43.00,42.43,43.00,182600,37.67
2006-11-16,42.93,43.26,42.71,42.86,423900,37.54
2006-11-15,42.75,43.01,42.54,42.83,348000,37.52
2006-11-14,42.47,42.79,42.11,42.70,448700,37.40
2006-11-13,43.41,43.80,42.37,42.43,665200,37.17
2006-11-10,42.55,43.37,42.55,43.30,384500,37.93
2006-11-09,42.37,42.84,42.27,42.42,398000,37.16
2006-11-08,41.30,42.67,41.30,42.33,540900,37.08
2006-11-07,42.06,42.40,41.61,41.61,572600,36.45
2006-11-06,40.85,42.48,40.85,42.13,764400,36.90
2006-11-03,40.85,42.20,40.70,40.76,1006300,35.70
2006-11-02,40.15,43.85,40.15,42.51,1351500,37.24
2006-11-01,39.73,40.29,38.55,38.55,911800,33.77
2006-10-31,39.50,39.64,39.09,39.55,385600,34.64
2006-10-30,39.00,39.67,38.89,39.55,264600,34.64
2006-10-27,38.81,39.28,38.57,39.05,269900,34.21
2006-10-26,39.25,39.25,38.85,39.05,321800,34.21
2006-10-25,38.84,39.37,38.83,39.22,300700,34.36
2006-10-24,38.87,39.21,38.60,39.00,434400,34.16
2006-10-23,39.13,39.72,39.05,39.11,383400,34.26
2006-10-20,39.90,39.95,39.06,39.11,337600,34.26
2006-10-19,39.13,39.85,39.11,39.81,309700,34.87
2006-10-18,39.25,39.45,39.06,39.36,285400,34.48
2006-10-17,39.01,39.11,38.55,39.02,346900,34.18
2006-10-16,38.70,39.30,38.65,39.13,211900,34.28
2006-10-13,38.57,38.82,38.44,38.82,254600,34.00
2006-10-12,37.90,38.67,37.83,38.66,185900,33.86
2006-10-11,37.58,37.98,37.51,37.85,265100,33.16
2006-10-10,37.40,37.79,37.40,37.74,149400,33.06
2006-10-09,37.00,37.66,37.00,37.65,157200,32.98
2006-10-06,37.00,37.20,36.88,37.11,258800,32.51
2006-10-05,36.92,37.26,36.85,37.06,296500,32.46
2006-10-04,36.62,37.15,36.54,37.00,255600,32.41
2006-10-03,36.88,37.16,36.61,36.79,328200,32.23
2006-10-02,37.10,37.20,36.83,37.03,232100,32.44
2006-09-29,37.15,37.26,36.88,37.20,235900,32.59
2006-09-28,37.10,37.34,36.82,37.15,140900,32.54
2006-09-27,36.59,37.15,36.54,37.01,446300,32.42
2006-09-26,36.25,36.64,36.06,36.60,304000,32.06
2006-09-25,36.15,36.24,35.75,36.20,218100,31.71
2006-09-22,35.80,36.19,35.80,36.10,269900,31.62
2006-09-21,36.19,36.24,35.81,35.90,253200,31.45
2006-09-20,35.95,36.47,35.86,36.21,318300,31.72
2006-09-19,35.36,35.76,35.11,35.71,229500,31.28
2006-09-18,35.41,35.64,35.13,35.37,177200,30.98
2006-09-15,35.60,35.81,35.39,35.52,429900,31.11
2006-09-14,34.61,35.33,34.27,35.26,337100,30.89
2006-09-13,33.80,34.87,33.60,34.85,440200,30.53
2006-09-12,33.20,33.79,32.90,33.79,269500,29.60
2006-09-11,33.47,33.48,32.79,33.10,265700,28.99
2006-09-08,33.14,33.72,32.84,33.58,207600,29.41
2006-09-07,33.02,33.36,32.95,33.00,158000,28.91
2006-09-06,33.19,33.34,33.00,33.03,158000,28.93
2006-09-05,33.67,33.76,33.32,33.44,139800,29.29
2006-09-01,33.27,33.65,33.20,33.57,173600,29.41
2006-08-31,33.11,33.26,32.94,33.23,185300,29.11
2006-08-30,32.53,33.07,32.50,33.03,239600,28.93
2006-08-29,32.08,32.58,31.85,32.54,309900,28.50
2006-08-28,31.82,32.31,31.74,32.14,340300,28.15
2006-08-25,31.75,32.10,31.63,31.91,212100,27.95
2006-08-24,31.57,32.08,31.56,31.93,299800,27.97
2006-08-23,31.30,31.78,31.30,31.53,259900,27.62
2006-08-22,31.69,31.74,31.41,31.45,380100,27.41
2006-08-21,31.83,32.10,31.70,31.86,180400,27.77
2006-08-18,32.14,32.14,31.81,31.97,159700,27.86
2006-08-17,31.94,32.37,31.94,32.14,232800,28.01
2006-08-16,31.65,32.25,31.65,32.09,384300,27.97
2006-08-15,31.24,31.61,31.24,31.50,229700,27.45
2006-08-14,31.65,31.65,30.98,30.99,312800,27.01
2006-08-11,31.47,31.53,31.20,31.41,274200,27.37
2006-08-10,31.45,31.64,31.14,31.48,497600,27.43
2006-08-09,31.35,31.70,31.11,31.60,599100,27.54
2006-08-08,31.13,31.30,30.70,30.78,373700,26.82
2006-08-07,30.96,31.15,30.50,30.98,431200,27.00
2006-08-04,31.25,31.34,30.51,31.15,663300,27.15
2006-08-03,33.02,34.15,30.88,30.99,1006500,27.01
2006-08-02,33.54,34.30,33.30,34.15,527300,29.76
2006-08-01,33.22,33.62,33.01,33.55,458700,29.24
2006-07-31,33.20,33.32,32.90,33.27,253600,28.99
2006-07-28,32.70,33.32,32.69,33.20,294900,28.93
2006-07-27,32.72,32.81,32.27,32.47,175800,28.30
2006-07-26,32.78,32.87,32.30,32.61,150800,28.42
2006-07-25,32.08,32.79,31.97,32.63,179400,28.44
2006-07-24,31.97,32.21,31.84,32.17,200000,28.04
2006-07-21,32.21,32.29,31.32,31.91,325000,27.81
2006-07-20,32.82,32.98,32.25,32.29,317100,28.14
2006-07-19,32.46,33.10,32.45,32.85,281700,28.63
2006-07-18,31.99,32.15,31.72,32.00,316600,27.89
2006-07-17,32.03,32.42,31.80,31.95,273700,27.84
2006-07-14,32.24,32.31,31.76,32.15,318500,28.02
2006-07-13,33.20,33.23,32.15,32.22,449800,28.08
2006-07-12,34.05,34.17,33.22,33.39,277200,29.10
2006-07-11,34.05,34.25,33.70,34.18,178700,29.79
2006-07-10,34.34,34.43,33.96,34.03,261100,29.66
2006-07-07,34.11,34.61,34.10,34.20,235700,29.81
2006-07-06,33.97,34.44,33.87,34.27,296500,29.87
2006-07-05,34.28,34.32,33.62,33.88,353200,29.53
2006-07-03,34.57,34.69,34.26,34.36,158900,29.94
2006-06-30,34.34,34.61,34.24,34.52,330300,30.08
2006-06-29,33.50,34.33,33.39,34.31,334100,29.90
2006-06-28,32.85,33.63,32.60,33.50,456800,29.20
2006-06-27,32.78,32.99,32.30,32.38,149700,28.22
2006-06-26,32.82,32.87,32.50,32.85,136100,28.63
2006-06-23,32.37,32.92,32.28,32.70,256200,28.50
2006-06-22,32.37,32.50,32.02,32.27,246200,28.12
2006-06-21,31.98,32.82,31.98,32.52,276200,28.34
2006-06-20,32.20,32.30,31.89,32.00,254700,27.89
2006-06-19,32.99,33.04,32.16,32.25,341300,28.11
2006-06-16,33.28,33.45,32.80,32.99,346400,28.75
2006-06-15,32.21,33.16,32.19,33.03,590200,28.79
2006-06-14,31.70,32.26,31.48,32.04,506900,27.92
2006-06-13,32.10,32.34,31.49,31.70,647500,27.63
2006-06-12,33.04,33.06,32.26,32.30,281800,28.15
2006-06-09,33.18,33.80,32.99,33.01,483600,28.77
2006-06-08,32.96,33.30,32.36,33.17,484900,28.91
2006-06-07,33.48,33.80,33.04,33.10,370600,28.85
2006-06-06,33.76,33.84,33.15,33.54,319000,29.23
2006-06-05,34.57,34.85,33.26,33.71,433500,29.38
2006-06-02,34.80,34.99,34.45,34.74,355100,30.28
2006-06-01,33.25,34.80,33.19,34.75,596100,30.28
2006-05-31,32.70,33.13,32.45,33.13,398200,28.87
2006-05-30,33.37,33.37,32.67,32.72,204400,28.52
2006-05-26,33.48,33.54,32.93,33.45,234800,29.15
2006-05-25,33.18,33.83,33.01,33.42,443800,29.13
2006-05-24,32.48,33.31,32.37,33.02,474000,28.78
2006-05-23,32.89,33.21,32.63,32.69,515200,28.35
2006-05-22,32.86,33.09,31.96,32.75,493600,28.40
2006-05-19,33.58,33.61,32.91,33.07,402000,28.68
2006-05-18,34.02,34.20,33.63,33.63,341000,29.17
2006-05-17,33.95,34.23,33.68,33.96,535400,29.45
2006-05-16,34.00,34.22,33.70,34.21,572000,29.67
2006-05-15,34.15,34.37,33.31,34.03,674700,29.51
2006-05-12,35.04,35.09,34.28,34.71,504800,30.10
2006-05-11,35.25,35.48,34.91,35.23,235600,30.55
2006-05-10,35.41,35.43,35.04,35.25,272300,30.57
2006-05-09,35.38,35.56,35.32,35.48,190000,30.77
2006-05-08,35.65,35.78,35.20,35.41,316400,30.71
2006-05-05,35.53,35.82,35.31,35.65,326800,30.92
2006-05-04,35.35,35.67,34.59,35.43,773600,30.73
2006-05-03,35.90,36.07,35.63,35.70,413300,30.96
2006-05-02,36.20,36.30,35.90,35.93,272200,31.16
2006-05-01,36.05,36.36,35.84,36.14,296300,31.34
2006-04-28,35.87,36.21,35.57,36.00,298100,31.22
2006-04-27,35.72,36.18,35.20,36.00,240300,31.22
2006-04-26,36.20,36.54,35.70,35.97,388100,31.19
2006-04-25,36.55,36.55,35.00,35.99,341400,31.21
2006-04-24,35.36,36.00,34.73,35.65,316800,30.92
2006-04-21,35.14,35.83,35.09,35.53,345600,30.81
2006-04-20,34.75,35.15,34.50,35.01,223100,30.36
2006-04-19,34.24,34.94,34.05,34.81,351200,30.19
2006-04-18,33.24,34.36,33.15,34.13,328300,29.60
2006-04-17,32.72,33.25,32.55,33.14,197600,28.74
2006-04-13,32.81,33.09,32.65,32.67,218300,28.33
2006-04-12,33.12,33.33,32.80,32.91,360800,28.54
2006-04-11,33.98,34.02,32.96,33.17,223100,28.77
2006-04-10,33.90,34.13,33.77,33.87,157700,29.37
2006-04-07,34.16,34.45,33.85,33.85,262100,29.36
2006-04-06,33.90,34.29,33.80,34.10,301000,29.57
2006-04-05,33.96,34.33,33.85,34.01,460000,29.49
2006-04-04,34.15,34.19,33.81,33.98,332700,29.47
2006-04-03,34.49,34.49,33.95,34.31,875600,29.75
2006-03-31,33.99,34.17,33.75,33.99,304400,29.48
2006-03-30,34.33,34.40,33.86,33.99,432700,29.48
2006-03-29,33.30,34.10,33.26,34.00,798500,29.49
2006-03-28,33.90,33.94,33.26,33.29,455100,28.87
2006-03-27,34.00,34.00,33.65,33.84,578000,29.35
2006-03-24,34.79,34.83,33.90,34.13,949600,29.60
2006-03-23,35.10,35.50,34.73,34.89,990300,30.26
2006-03-22,36.05,36.33,35.96,36.12,437200,31.32
2006-03-21,36.54,36.66,36.08,36.13,412200,31.33
2006-03-20,36.89,36.97,36.57,36.64,265300,31.78
2006-03-17,36.78,36.98,36.54,36.89,423900,31.99
2006-03-16,37.00,37.09,36.55,36.72,249400,31.84
2006-03-15,36.55,37.00,36.37,36.93,241300,32.03
2006-03-14,35.86,36.62,35.80,36.45,332700,31.61
2006-03-13,36.11,36.23,35.90,35.94,503600,31.17
2006-03-10,36.10,36.45,35.87,36.03,539700,31.25
2006-03-09,36.02,36.50,35.99,36.14,303500,31.34
2006-03-08,36.56,36.56,35.65,36.04,372500,31.26
2006-03-07,37.22,37.24,36.54,36.68,234600,31.81
2006-03-06,37.94,38.05,37.15,37.39,206500,32.43
2006-03-03,37.73,38.12,37.59,37.80,468600,32.78
2006-03-02,37.33,37.68,37.17,37.68,285900,32.68
2006-03-01,37.00,37.77,36.96,37.37,297100,32.41
2006-02-28,37.18,37.39,36.65,37.02,224000,32.11
2006-02-27,36.97,37.46,36.92,37.36,220800,32.40
2006-02-24,36.70,37.01,36.41,36.88,143100,31.98
2006-02-23,37.01,37.32,36.47,36.74,384400,31.86
2006-02-22,37.00,37.35,36.86,37.00,259000,32.09
2006-02-21,37.67,37.68,37.04,37.15,357200,32.08
2006-02-17,37.36,37.55,37.34,37.54,268500,32.42
2006-02-16,37.55,37.91,37.33,37.33,337700,32.23
2006-02-15,37.35,37.64,36.88,37.50,534000,32.38
2006-02-14,36.44,37.23,36.18,37.06,386400,32.00
2006-02-13,36.60,36.65,36.11,36.44,285300,31.47
2006-02-10,36.63,36.90,36.31,36.73,365300,31.72
2006-02-09,37.25,37.39,36.72,36.77,373300,31.75
2006-02-08,37.16,37.25,36.75,37.09,583600,32.03
2006-02-07,37.70,37.93,37.08,37.13,565100,32.06
2006-02-06,37.55,38.15,37.55,38.00,551200,32.81
2006-02-03,38.24,38.24,37.37,37.64,756500,32.50
2006-02-02,37.00,38.54,36.14,38.49,1635300,33.24
2006-02-01,38.90,39.00,38.04,38.70,332800,33.42
2006-01-31,38.10,39.22,37.89,39.22,472800,33.87
2006-01-30,38.49,38.85,38.26,38.26,338700,33.04
2006-01-27,39.30,39.45,38.40,38.47,586800,33.22
2006-01-26,38.95,39.50,38.89,39.17,584400,33.82
2006-01-25,39.00,39.24,38.58,38.87,589300,33.56
2006-01-24,37.96,39.02,37.96,38.98,325000,33.66
2006-01-23,37.58,38.24,37.36,37.96,237300,32.78
2006-01-20,38.65,38.65,37.32,37.55,356500,32.42
2006-01-19,37.86,38.93,37.72,38.75,340400,33.46
2006-01-18,37.50,37.81,37.32,37.76,333500,32.61
2006-01-17,37.50,37.88,37.26,37.86,230400,32.69
2006-01-13,37.20,37.78,37.19,37.75,247200,32.60
2006-01-12,37.67,37.70,37.23,37.24,213000,32.16
2006-01-11,37.64,37.88,37.37,37.88,711500,32.71
2006-01-10,37.28,37.75,36.99,37.64,356400,32.50
2006-01-09,37.67,37.86,37.29,37.38,488400,32.28
2006-01-06,37.40,37.94,37.30,37.76,468000,32.61
2006-01-05,36.92,37.44,36.56,37.30,598400,32.21
2006-01-04,36.98,37.49,36.67,36.87,362300,31.84
2006-01-03,35.90,37.20,35.51,37.13,458700,32.06
2005-12-30,36.15,36.25,35.80,35.80,254100,30.91
2005-12-29,36.63,36.80,36.10,36.20,315100,31.26
2005-12-28,36.24,36.88,36.24,36.57,462800,31.58
2005-12-27,36.38,36.47,36.11,36.34,262000,31.38
2005-12-23,36.20,36.67,35.64,36.32,378900,31.36
2005-12-22,35.82,36.80,35.82,36.64,340000,31.64
2005-12-21,35.36,35.96,35.32,35.82,416700,30.93
2005-12-20,35.49,35.78,35.32,35.41,345200,30.58
2005-12-19,34.88,35.61,34.68,35.59,438600,30.73
2005-12-16,35.09,35.10,34.70,34.85,317500,30.09
2005-12-15,35.53,35.68,34.96,35.09,381100,30.30
2005-12-14,35.70,36.20,35.67,35.76,167900,30.88
2005-12-13,35.65,35.98,35.34,35.63,259700,30.77
2005-12-12,35.36,35.97,35.36,35.72,225400,30.84
2005-12-09,34.75,35.41,34.70,35.26,182400,30.45
2005-12-08,35.33,35.49,34.52,34.65,356000,29.92
2005-12-07,35.30,35.70,35.21,35.29,175700,30.47
2005-12-06,35.64,35.76,35.16,35.29,212100,30.47
2005-12-05,35.80,35.83,35.01,35.62,341600,30.76
2005-12-02,35.73,35.79,35.37,35.76,280700,30.88
2005-12-01,34.95,35.95,34.95,35.64,479100,30.78
2005-11-30,35.42,35.62,34.95,35.05,275600,30.27
2005-11-29,34.90,35.84,34.89,35.49,483600,30.65
2005-11-28,34.50,34.99,34.48,34.86,229700,30.10
2005-11-25,34.35,34.72,34.21,34.59,102400,29.87
2005-11-23,34.33,34.49,34.21,34.43,253800,29.73
2005-11-22,34.19,34.40,33.85,34.08,371800,29.43
2005-11-21,34.06,34.47,33.91,34.44,225100,29.60
2005-11-18,34.21,34.35,33.85,34.14,299600,29.34
2005-11-17,33.49,34.13,33.49,34.10,669900,29.31
2005-11-16,32.80,33.62,32.71,33.47,813800,28.77
2005-11-15,32.49,32.75,32.34,32.71,491300,28.11
2005-11-14,32.45,32.46,32.03,32.43,232500,27.87
2005-11-11,31.64,32.42,31.64,32.28,362700,27.74
2005-11-10,31.58,31.82,30.99,31.63,231500,27.19
2005-11-09,31.10,31.65,31.10,31.58,325000,27.14
2005-11-08,31.09,31.20,30.75,30.77,263100,26.45
2005-11-07,31.12,31.48,30.77,31.17,918300,26.79
2005-11-04,31.35,31.63,30.42,31.15,1127000,26.77
2005-11-03,34.23,34.23,31.74,31.76,1654100,27.30
2005-11-02,34.00,34.57,33.82,34.45,416800,29.61
2005-11-01,34.03,34.14,33.71,34.04,379300,29.26
2005-10-31,33.70,34.25,33.59,34.11,398500,29.32
2005-10-28,32.54,33.54,32.54,33.54,467300,28.83
2005-10-27,32.66,32.78,32.28,32.29,271700,27.75
2005-10-26,32.12,32.97,32.06,32.67,484100,28.08
2005-10-25,32.08,32.24,31.60,31.97,401800,27.48
2005-10-24,31.73,32.24,31.71,32.23,223500,27.70
2005-10-21,31.76,31.96,31.47,31.63,240300,27.19
2005-10-20,31.49,31.98,31.47,31.75,431100,27.29
2005-10-19,31.30,31.57,31.04,31.45,468600,27.03
2005-10-18,31.65,31.68,31.26,31.43,277000,27.01
2005-10-17,31.70,31.93,31.45,31.80,309800,27.33
2005-10-14,31.90,31.95,31.26,31.68,199200,27.23
2005-10-13,31.65,31.81,31.50,31.69,451000,27.24
2005-10-12,32.21,32.39,31.64,31.79,469800,27.32
2005-10-11,32.55,32.80,32.20,32.31,331200,27.77
2005-10-10,32.40,32.96,32.37,32.56,504000,27.99
2005-10-07,32.10,32.66,32.10,32.45,598000,27.89
2005-10-06,32.00,32.35,31.70,32.22,531400,27.69
2005-10-05,32.15,32.24,31.74,31.78,614300,27.31
2005-10-04,32.18,32.86,32.17,32.29,358500,27.75
2005-10-03,32.86,32.93,31.91,32.18,808800,27.66
2005-09-30,32.28,33.04,32.25,33.01,390100,28.37
2005-09-29,32.33,32.47,31.90,32.46,296200,27.90
2005-09-28,32.48,32.80,32.05,32.33,455800,27.79
2005-09-27,31.68,32.05,31.41,32.02,308700,27.52
2005-09-26,31.45,31.83,31.45,31.65,306800,27.20
2005-09-23,31.39,31.43,30.95,31.39,624700,26.98
2005-09-22,31.43,31.43,31.13,31.32,311300,26.92
2005-09-21,31.30,31.67,31.07,31.53,536100,27.10
2005-09-20,31.87,32.04,31.25,31.43,276600,27.01
2005-09-19,31.76,32.05,31.53,31.85,348500,27.37
2005-09-16,32.00,32.05,31.77,31.81,324400,27.34
2005-09-15,32.07,32.14,31.80,31.90,359600,27.42
2005-09-14,32.02,32.30,32.00,32.06,256800,27.56
2005-09-13,32.92,32.96,32.02,32.09,485700,27.58
2005-09-12,32.50,33.18,32.40,33.07,742300,28.42
2005-09-09,33.16,33.57,32.94,33.56,179800,28.84
2005-09-08,33.00,33.22,32.93,33.06,336400,28.41
2005-09-07,32.93,33.17,32.77,33.03,261000,28.39
2005-09-06,33.00,33.47,32.71,32.88,212800,28.26
2005-09-02,33.45,33.45,32.81,32.96,156600,28.33
2005-09-01,32.93,33.56,32.93,33.37,204700,28.68
2005-08-31,33.02,33.09,32.85,33.00,335500,28.36
2005-08-30,33.44,33.48,32.93,33.07,278300,28.42
2005-08-29,33.29,33.54,33.10,33.54,358500,28.83
2005-08-26,33.30,33.58,33.09,33.48,259200,28.78
2005-08-25,33.09,33.47,33.02,33.47,343900,28.77
2005-08-24,33.12,33.37,33.00,33.14,623700,28.48
2005-08-23,33.42,33.79,33.18,33.28,230800,28.47
2005-08-22,33.60,33.73,33.13,33.31,694600,28.49
2005-08-19,33.38,33.76,33.31,33.50,174900,28.65
2005-08-18,34.15,34.20,33.22,33.34,701400,28.52
2005-08-17,33.32,34.44,33.12,34.25,293500,29.30
2005-08-16,33.90,33.96,33.22,33.22,330200,28.42
2005-08-15,33.90,34.16,33.76,33.99,110400,29.07
2005-08-12,34.20,34.20,33.76,34.02,166600,29.10
2005-08-11,33.93,34.49,33.93,34.25,293000,29.30
2005-08-10,33.85,34.14,33.81,33.99,180100,29.07
2005-08-09,33.86,34.08,33.80,33.87,107200,28.97
2005-08-08,33.88,33.98,33.80,33.86,136500,28.96
2005-08-05,33.90,34.11,33.82,33.97,129700,29.06
2005-08-04,34.22,34.27,33.83,34.00,220500,29.08
2005-08-03,34.13,34.46,34.05,34.37,203100,29.40
2005-08-02,34.30,34.45,34.03,34.23,373900,29.28
2005-08-01,34.67,34.86,34.23,34.29,280200,29.33
2005-07-29,34.45,34.71,34.35,34.59,348700,29.59
2005-07-28,34.80,35.29,34.01,34.67,585600,29.66
2005-07-27,35.19,35.60,35.00,35.54,236700,30.40
2005-07-26,35.27,35.30,34.76,35.17,192100,30.08
2005-07-25,35.65,35.65,35.21,35.36,149100,30.25
2005-07-22,35.82,35.92,35.22,35.67,173000,30.51
2005-07-21,36.05,36.20,35.61,35.82,310400,30.64
2005-07-20,34.90,36.64,34.90,36.20,602500,30.96
2005-07-19,34.58,34.97,34.46,34.90,238200,29.85
2005-07-18,34.58,34.95,34.24,34.40,296800,29.42
2005-07-15,34.83,34.89,34.58,34.83,213000,29.79
2005-07-14,34.20,35.10,34.11,34.91,689200,29.86
2005-07-13,33.50,34.07,33.50,34.06,233500,29.13
2005-07-12,33.64,33.84,33.22,33.48,234800,28.64
2005-07-11,33.48,33.94,33.30,33.64,362900,28.77
2005-07-08,33.16,33.40,33.00,33.32,465000,28.50
2005-07-07,33.00,33.27,32.99,33.25,302600,28.44
2005-07-06,33.10,33.24,32.99,33.13,275700,28.34
2005-07-05,33.16,33.20,32.83,33.13,349100,28.34
2005-07-01,33.10,33.26,32.90,33.26,254500,28.45
2005-06-30,33.22,33.40,32.84,33.00,339700,28.23
2005-06-29,32.63,33.63,32.61,33.12,526900,28.33
2005-06-28,31.52,32.41,31.52,32.38,246200,27.70
2005-06-27,31.53,31.53,31.11,31.33,247600,26.80
2005-06-24,31.70,31.85,31.59,31.65,379500,27.07
2005-06-23,32.15,32.26,31.65,31.77,373300,27.17
2005-06-22,31.66,32.32,31.66,32.28,287300,27.61
2005-06-21,32.26,32.26,31.36,31.60,449400,27.03
2005-06-20,32.65,32.69,32.26,32.30,236200,27.63
2005-06-17,33.20,33.20,32.61,32.78,524300,28.04
2005-06-16,31.99,32.89,31.98,32.82,493900,28.07
2005-06-15,30.70,32.08,30.70,32.00,779500,27.37
2005-06-14,29.78,30.64,29.78,30.59,377600,26.17
2005-06-13,29.68,30.11,29.63,29.93,265600,25.60
2005-06-10,29.45,29.86,29.26,29.79,198600,25.48
2005-06-09,29.12,29.44,28.90,29.42,237300,25.16
2005-06-08,29.16,29.33,28.99,29.02,197800,24.82
2005-06-07,29.28,29.45,29.06,29.20,289000,24.98
2005-06-06,29.00,29.17,28.80,29.14,285100,24.93
2005-06-03,28.91,29.39,28.90,29.06,263100,24.86
2005-06-02,29.18,29.38,28.94,28.99,295200,24.80
2005-06-01,28.93,29.41,28.89,29.17,170900,24.95
2005-05-31,29.35,29.37,28.95,29.00,197300,24.81
2005-05-27,29.30,29.48,29.10,29.39,194000,25.14
2005-05-26,28.99,29.36,28.94,29.30,292500,25.06
2005-05-25,28.91,28.98,28.57,28.86,246500,24.69
2005-05-24,29.08,29.22,28.84,29.10,518400,24.75
2005-05-23,28.80,29.13,28.73,29.08,286200,24.74
2005-05-20,28.47,28.85,28.47,28.65,142800,24.37
2005-05-19,28.73,28.84,28.41,28.62,178800,24.35
2005-05-18,28.38,28.85,28.26,28.55,248300,24.29
2005-05-17,27.90,28.24,27.81,28.16,323300,23.95
2005-05-16,27.80,28.14,27.80,27.90,360100,23.73
2005-05-13,28.50,28.62,27.66,27.87,355700,23.71
2005-05-12,28.88,28.92,28.45,28.52,253000,24.26
2005-05-11,29.06,29.06,28.67,28.88,175400,24.57
2005-05-10,29.25,29.42,29.00,29.00,272800,24.67
2005-05-09,29.76,29.83,29.20,29.45,262800,25.05
2005-05-06,29.95,29.95,29.55,29.71,280000,25.27
2005-05-05,29.83,29.97,29.50,29.86,337100,25.40
2005-05-04,30.05,30.07,29.59,29.85,414100,25.39
2005-05-03,29.91,30.17,29.87,30.00,398400,25.52
2005-05-02,30.42,30.53,29.90,30.07,609200,25.58
2005-04-29,29.99,30.55,29.98,30.55,336500,25.99
2005-04-28,30.10,30.45,29.60,29.93,1105100,25.46
2005-04-27,31.00,31.00,30.50,30.69,481000,26.11
2005-04-26,31.32,31.68,30.95,31.00,190300,26.37
2005-04-25,31.29,31.70,31.03,31.57,222300,26.86
2005-04-22,31.38,31.57,30.92,31.30,275600,26.63
2005-04-21,31.06,31.63,31.06,31.48,238500,26.78
2005-04-20,31.77,31.85,30.80,30.81,176600,26.21
2005-04-19,31.00,31.63,30.80,31.62,132900,26.90
2005-04-18,30.66,31.30,30.65,31.15,180500,26.50
2005-04-15,31.07,31.34,30.39,30.76,351300,26.17
2005-04-14,31.62,31.65,30.70,31.03,250900,26.40
2005-04-13,32.34,32.47,31.32,31.50,237500,26.80
2005-04-12,32.50,32.65,32.01,32.58,244600,27.71
2005-04-11,32.97,32.97,32.43,32.46,178500,27.61
2005-04-08,32.93,33.05,32.77,32.84,195900,27.94
2005-04-07,32.83,33.23,32.83,33.07,74300,28.13
2005-04-06,33.00,33.10,32.75,32.83,94800,27.93
2005-04-05,32.96,33.15,32.68,32.92,103600,28.00
2005-04-04,33.02,33.08,32.78,32.99,279200,28.06
2005-04-01,33.45,33.55,33.00,33.11,146200,28.17
2005-03-31,33.17,33.48,32.95,33.43,233300,28.44
2005-03-30,32.90,33.45,32.80,33.25,245500,28.28
2005-03-29,33.40,33.64,32.90,32.95,249200,28.03
2005-03-28,33.59,33.65,33.09,33.43,141200,28.44
2005-03-24,33.85,33.93,33.16,33.44,332200,28.45
2005-03-23,34.02,34.15,33.44,33.70,435400,28.67
2005-03-22,34.41,34.41,34.01,34.09,320800,29.00
2005-03-21,34.57,34.58,34.29,34.54,158300,29.38
2005-03-18,34.76,34.82,34.19,34.49,277300,29.34
2005-03-17,34.54,34.73,34.23,34.56,131200,29.40
2005-03-16,34.89,34.98,34.12,34.29,229300,29.17
2005-03-15,35.55,35.64,34.78,34.89,144400,29.68
2005-03-14,35.70,35.75,35.04,35.35,178900,30.07
2005-03-11,35.29,35.66,35.29,35.50,162300,30.20
2005-03-10,35.63,35.68,34.80,35.17,107600,29.92
2005-03-09,35.47,35.75,35.40,35.53,165900,30.22
2005-03-08,35.66,35.66,35.03,35.30,151900,30.03
2005-03-07,35.47,35.67,35.34,35.55,256500,30.24
2005-03-04,34.85,35.47,34.75,35.47,480900,30.17
2005-03-03,35.05,35.19,34.53,34.57,240600,29.41
2005-03-02,35.00,35.05,34.72,34.94,138600,29.72
2005-03-01,34.96,35.40,34.78,35.06,187000,29.82
2005-02-28,34.87,35.20,34.45,34.80,266800,29.60
2005-02-25,35.40,35.47,34.81,34.97,313100,29.75
2005-02-24,34.73,35.43,34.64,35.35,324700,30.07
2005-02-23,34.63,35.00,34.61,34.90,159300,29.69
2005-02-22,34.93,35.10,34.54,34.63,243000,29.32
2005-02-18,34.99,35.04,34.73,34.92,191300,29.57
2005-02-17,35.00,35.15,34.69,34.76,198000,29.43
2005-02-16,34.50,35.00,34.33,35.00,170100,29.64
2005-02-15,34.89,35.05,34.51,34.64,184600,29.33
2005-02-14,34.75,35.00,34.62,34.99,107800,29.63
2005-02-11,34.31,35.04,34.10,34.87,86500,29.53
2005-02-10,34.25,34.43,34.00,34.31,255900,29.05
2005-02-09,34.89,35.03,34.21,34.26,99500,29.01
2005-02-08,35.13,35.15,34.88,35.00,109800,29.64
2005-02-07,35.20,35.47,35.15,35.23,174600,29.83
2005-02-04,34.66,35.24,34.66,35.20,163900,29.80
2005-02-03,34.58,34.81,34.19,34.81,148200,29.47
2005-02-02,34.91,34.91,34.22,34.50,223800,29.21
2005-02-01,35.00,35.21,34.65,35.00,232000,29.64
2005-01-31,34.42,35.06,34.42,35.00,176200,29.64
2005-01-28,34.80,34.80,33.97,34.14,252300,28.91
2005-01-27,35.02,35.02,34.49,34.60,305300,29.30
2005-01-26,35.10,35.19,34.87,35.01,168100,29.64
2005-01-25,34.83,35.32,34.77,35.00,216600,29.64
2005-01-24,35.42,35.78,34.84,34.88,134100,29.53
2005-01-21,35.35,35.57,35.26,35.42,98500,29.99
2005-01-20,35.60,35.86,35.00,35.20,186600,29.80
2005-01-19,36.00,36.06,35.60,35.66,93300,30.19
2005-01-18,35.36,36.23,35.35,36.12,315300,30.58
2005-01-14,35.29,35.65,35.29,35.35,121900,29.93
2005-01-13,35.42,35.72,35.22,35.28,143700,29.87
2005-01-12,35.49,35.55,35.01,35.30,261800,29.89
2005-01-11,36.15,36.15,35.40,35.49,251500,30.05
2005-01-10,36.08,36.59,36.08,36.15,145800,30.61
2005-01-07,36.64,36.65,36.15,36.21,61600,30.66
2005-01-06,36.12,36.88,36.12,36.55,107200,30.95
2005-01-05,36.90,37.17,36.06,36.12,234800,30.58
2005-01-04,38.27,38.70,36.94,37.00,152300,31.33
2005-01-03,38.78,39.20,38.07,38.27,156200,32.40
2004-12-31,39.19,39.22,38.67,38.68,76800,32.75
2004-12-30,38.88,39.27,38.78,39.27,94700,33.25
2004-12-29,39.06,39.07,38.77,38.88,116100,32.92
2004-12-28,38.30,39.18,38.30,39.18,158200,33.17
2004-12-27,38.59,38.59,38.13,38.39,161700,32.51
2004-12-23,37.71,38.65,37.63,38.60,169700,32.68
2004-12-22,37.18,37.87,37.13,37.71,118600,31.93
2004-12-21,37.08,37.44,36.70,37.23,149300,31.52
2004-12-20,36.74,37.28,36.70,37.18,112500,31.48
2004-12-17,37.26,37.51,36.50,36.64,286100,31.02
2004-12-16,37.70,37.95,37.08,37.57,201900,31.81
2004-12-15,37.38,37.71,37.25,37.71,156700,31.93
2004-12-14,36.99,37.49,36.99,37.49,254400,31.74
2004-12-13,36.62,37.16,36.59,37.14,112600,31.45
2004-12-10,36.57,36.61,36.30,36.52,203800,30.92
2004-12-09,36.98,37.00,36.19,36.67,410700,31.05
2004-12-08,36.45,37.11,36.40,37.08,208300,31.40
2004-12-07,36.95,37.05,36.40,36.50,224100,30.91
2004-12-06,37.24,37.41,36.70,36.90,282500,31.24
2004-12-03,37.90,37.90,37.06,37.18,287700,31.48
2004-12-02,38.16,38.43,37.95,38.05,236300,32.22
2004-12-01,37.70,38.45,37.70,38.41,311800,32.52
2004-11-30,37.58,37.90,37.40,37.65,190600,31.88
2004-11-29,37.16,37.78,37.14,37.78,254600,31.99
2004-11-26,36.84,37.49,36.84,36.91,52000,31.25
2004-11-24,36.61,36.96,36.58,36.74,127900,31.11
2004-11-23,36.59,36.76,36.31,36.48,104400,30.89
2004-11-22,36.80,36.94,36.30,36.50,296900,30.77
2004-11-19,36.70,36.96,36.41,36.75,182200,30.98
2004-11-18,36.47,37.10,36.25,36.74,225900,30.97
2004-11-17,35.80,37.08,35.80,36.42,467200,30.70
2004-11-16,35.74,36.00,35.49,35.70,168800,30.10
2004-11-15,35.90,35.90,35.36,35.79,143000,30.17
2004-11-12,35.63,35.97,35.38,35.97,99000,30.32
2004-11-11,35.31,35.87,35.15,35.80,145600,30.18
2004-11-10,35.14,35.43,35.04,35.16,101000,29.64
2004-11-09,35.05,35.40,34.75,35.20,197900,29.67
2004-11-08,34.85,35.14,34.61,34.97,159500,29.48
2004-11-05,35.65,35.89,34.82,35.00,227600,29.51
2004-11-04,34.76,35.67,34.74,35.50,256800,29.93
2004-11-03,34.36,35.00,34.36,34.86,493200,29.39
2004-11-02,34.80,34.91,34.11,34.11,445800,28.76
2004-11-01,35.20,35.55,34.70,34.93,690200,29.45
2004-10-29,33.50,34.60,33.50,34.08,698700,28.73
2004-10-28,36.20,36.20,32.46,33.15,1427300,27.95
2004-10-27,36.30,37.29,36.05,37.29,296300,31.44
2004-10-26,36.23,36.65,35.85,36.25,232700,30.56
2004-10-25,36.38,36.81,36.10,36.30,242900,30.60
2004-10-22,36.50,37.54,36.30,36.30,151300,30.60
2004-10-21,36.76,37.13,36.30,36.73,156700,30.96
2004-10-20,36.78,37.23,36.70,36.82,105700,31.04
2004-10-19,37.20,37.36,36.61,36.88,127400,31.09
2004-10-18,37.37,37.64,37.01,37.16,114100,31.33
2004-10-15,36.58,37.90,36.58,37.36,255300,31.49
2004-10-14,36.76,37.21,36.39,36.39,240200,30.68
2004-10-13,37.35,37.47,36.36,36.56,211600,30.82
2004-10-12,37.40,37.40,36.97,37.10,88600,31.28
2004-10-11,37.55,38.04,37.55,37.70,103600,31.78
2004-10-08,37.88,37.97,37.27,37.67,319900,31.76
2004-10-07,38.25,38.40,38.00,38.00,241500,32.03
2004-10-06,38.32,38.63,38.09,38.28,201400,32.27
2004-10-05,38.80,38.80,38.13,38.14,256100,32.15
2004-10-04,38.99,38.99,38.68,38.78,142500,32.69
2004-10-01,38.72,38.83,38.10,38.83,224400,32.73
2004-09-30,38.25,38.64,38.20,38.57,214200,32.52
2004-09-29,37.20,38.28,36.99,38.18,367000,32.19
2004-09-28,36.30,37.16,36.30,37.13,178500,31.30
2004-09-27,36.23,36.33,35.81,36.33,261000,30.63
2004-09-24,36.21,36.44,36.15,36.33,218000,30.63
2004-09-23,36.59,36.61,36.07,36.13,181600,30.46
2004-09-22,37.14,37.14,36.50,36.54,224700,30.80
2004-09-21,37.37,37.64,36.85,37.14,231700,31.31
2004-09-20,37.45,37.79,37.26,37.39,214500,31.52
2004-09-17,37.39,38.44,37.37,37.70,401800,31.78
2004-09-16,36.50,37.45,36.45,37.42,385100,31.55
2004-09-15,35.77,36.15,35.35,35.75,247000,30.14
2004-09-14,36.80,36.89,35.20,35.61,832700,30.02
2004-09-13,37.62,37.63,36.73,36.74,516800,30.97
2004-09-10,37.93,37.93,37.38,37.78,226600,31.85
2004-09-09,38.65,38.92,37.54,37.93,604000,31.98
2004-09-08,40.40,40.50,37.96,38.30,621600,32.29
2004-09-07,40.50,40.81,40.06,40.40,198300,34.06
2004-09-03,40.20,40.30,40.05,40.26,124200,33.94
2004-09-02,39.76,40.41,39.67,40.29,174700,33.97
2004-09-01,39.84,40.00,39.54,39.62,280800,33.40
2004-08-31,38.65,39.84,38.65,39.84,307700,33.59
2004-08-30,39.50,39.85,38.78,38.80,156000,32.71
2004-08-27,39.35,39.59,39.10,39.45,81000,33.26
2004-08-26,39.30,39.50,39.06,39.24,77000,33.08
2004-08-25,39.03,39.41,38.63,39.25,118800,33.09
2004-08-24,38.70,39.07,38.66,39.06,112700,32.80
2004-08-23,38.88,39.02,38.08,38.37,130200,32.22
2004-08-20,38.15,38.99,38.14,38.70,97500,32.50
2004-08-19,38.58,38.58,38.07,38.26,55800,32.13
2004-08-18,38.05,38.58,37.63,38.58,159200,32.40
2004-08-17,37.85,38.30,37.75,38.05,127100,31.95
2004-08-16,36.90,38.03,36.84,37.85,217500,31.79
2004-08-13,36.98,37.21,36.51,36.76,91200,30.87
2004-08-12,37.54,37.54,36.68,36.98,145400,31.05
2004-08-11,37.25,37.94,36.91,37.79,186500,31.74
2004-08-10,36.58,37.39,36.58,37.35,211600,31.37
2004-08-09,36.42,36.71,36.32,36.43,200800,30.59
2004-08-06,37.59,37.68,36.53,36.54,155200,30.69
2004-08-05,38.16,38.32,37.63,37.69,313500,31.65
2004-08-04,38.34,38.35,37.80,38.26,518200,32.13
2004-08-03,39.21,39.22,38.40,38.44,306800,32.28
2004-08-02,38.15,39.40,38.15,39.36,290500,33.05
2004-07-30,38.40,38.64,38.08,38.08,143100,31.98
2004-07-29,37.79,38.70,37.73,38.50,209600,32.33
2004-07-28,37.15,37.84,37.00,37.82,278300,31.76
2004-07-27,37.09,37.33,36.76,37.15,268400,31.20
2004-07-26,36.83,37.04,36.67,36.94,264100,31.02
2004-07-23,37.00,37.10,36.40,36.89,305000,30.98
2004-07-22,37.17,37.66,36.50,37.25,313400,31.28
2004-07-21,38.27,38.40,37.19,37.22,216900,31.26
2004-07-20,37.50,38.28,37.41,38.28,251300,32.15
2004-07-19,38.00,38.00,37.24,37.50,251800,31.49
2004-07-16,38.60,38.60,37.95,38.11,212400,32.00
2004-07-15,39.00,39.05,38.48,38.61,188500,32.42
2004-07-14,38.62,39.64,38.57,38.90,325900,32.67
2004-07-13,38.90,38.98,38.54,38.82,219400,32.60
2004-07-12,38.89,39.09,38.25,38.70,240900,32.50
2004-07-09,38.10,38.97,37.87,38.85,349800,32.63
2004-07-08,38.60,38.62,37.81,37.85,304700,31.79
2004-07-07,38.33,38.88,37.43,38.75,592600,32.54
2004-07-06,38.85,38.90,38.32,38.32,318200,32.18
2004-07-02,40.00,40.00,38.96,39.21,225600,32.93
2004-07-01,40.70,40.75,39.28,39.90,280800,33.51
2004-06-30,40.00,40.70,39.62,40.70,321800,34.18
2004-06-29,39.46,40.00,39.46,40.00,232800,33.59
2004-06-28,39.30,39.56,39.01,39.45,524100,33.13
2004-06-25,39.10,39.74,39.10,39.70,230400,33.34
2004-06-24,39.93,39.97,39.13,39.25,397700,32.96
2004-06-23,38.95,39.89,38.91,39.80,331000,33.42
2004-06-22,38.69,39.36,38.59,38.80,632500,32.58
2004-06-21,39.30,39.62,38.93,38.94,249500,32.70
2004-06-18,37.75,39.57,37.75,39.43,667900,33.11
2004-06-17,37.79,38.10,37.49,37.95,332300,31.87
2004-06-16,37.57,38.05,37.36,37.84,310100,31.78
2004-06-15,37.00,37.91,36.98,37.72,337800,31.68
2004-06-14,36.50,37.10,36.50,36.78,174000,30.89
2004-06-10,36.95,37.40,36.92,37.18,183700,31.22
2004-06-09,36.95,37.38,36.93,37.00,267900,31.07
2004-06-08,36.05,37.26,35.95,37.20,266100,31.24
2004-06-07,35.83,36.60,35.82,36.21,344200,30.41
2004-06-04,35.66,36.19,35.60,35.73,340200,30.01
2004-06-03,36.37,36.53,35.60,35.63,322700,29.92
2004-06-02,36.53,36.99,36.49,36.67,173500,30.79
2004-06-01,35.84,36.89,35.84,36.52,307300,30.67
2004-05-28,35.90,35.98,35.70,35.94,151300,30.18
2004-05-27,35.45,36.00,35.10,35.82,251000,30.08
2004-05-26,35.00,35.65,34.90,35.55,245200,29.85
2004-05-25,34.75,35.61,34.56,35.51,325700,29.69
2004-05-24,34.86,35.18,34.75,34.85,428800,29.14
2004-05-21,34.47,34.99,34.41,34.86,256800,29.15
2004-05-20,34.15,34.75,34.09,34.53,167100,28.87
2004-05-19,34.55,35.00,34.10,34.10,280200,28.52
2004-05-18,33.98,34.49,33.95,34.43,233600,28.79
2004-05-17,33.45,34.05,33.45,33.73,331500,28.21
2004-05-14,33.50,34.35,33.25,33.70,265600,28.18
2004-05-13,33.15,33.82,33.15,33.40,256600,27.93
2004-05-12,33.60,33.60,32.65,33.26,224400,27.81
2004-05-11,33.15,33.68,33.10,33.62,149800,28.11
2004-05-10,33.35,33.51,32.86,32.90,323600,27.51
2004-05-07,34.65,34.85,33.51,33.51,222300,28.02
2004-05-06,34.66,34.88,34.03,34.68,368100,29.00
2004-05-05,34.66,34.90,34.49,34.66,298900,28.98
2004-05-04,34.07,34.69,33.98,34.46,539200,28.82
2004-05-03,34.00,34.10,33.67,33.97,389400,28.41
2004-04-30,33.85,34.54,33.78,33.80,298900,28.26
2004-04-29,34.35,35.00,33.40,33.76,293900,28.23
2004-04-28,34.50,34.68,33.21,34.25,491500,28.64
2004-04-27,34.35,34.45,33.81,33.90,163900,28.35
2004-04-26,34.25,34.93,34.20,34.33,324900,28.71
2004-04-23,34.63,34.63,33.89,34.25,217700,28.64
2004-04-22,32.85,34.57,32.85,34.53,221200,28.87
2004-04-21,32.58,32.85,32.30,32.85,183600,27.47
2004-04-20,33.00,33.13,32.30,32.30,142000,27.01
2004-04-19,32.78,33.11,32.56,33.11,91700,27.69
2004-04-16,32.52,32.93,32.22,32.93,74100,27.54
2004-04-15,31.90,32.85,31.90,32.57,165200,27.24
2004-04-14,32.23,32.89,31.65,31.65,219400,26.47
2004-04-13,33.10,33.20,32.48,32.48,147700,27.16
2004-04-12,32.98,33.55,32.98,33.27,151100,27.82
2004-04-08,33.80,33.91,32.97,33.13,161700,27.70
2004-04-07,33.75,34.08,33.51,33.76,265700,28.23
2004-04-06,33.95,33.97,33.55,33.85,250400,28.31
2004-04-05,33.43,34.00,33.40,33.96,181600,28.40
2004-04-02,33.17,33.66,33.05,33.47,161000,27.99
2004-04-01,32.70,33.28,32.66,32.92,168000,27.53
2004-03-31,32.99,33.00,32.65,32.80,191900,27.43
2004-03-30,32.55,33.05,32.34,33.04,261400,27.63
2004-03-29,32.12,32.61,32.12,32.52,406800,27.19
2004-03-26,32.46,32.46,32.05,32.15,222500,26.88
2004-03-25,32.13,32.55,32.04,32.46,284700,27.14
2004-03-24,32.96,33.08,32.05,32.13,252700,26.87
2004-03-23,33.00,33.72,33.00,33.06,146400,27.65
2004-03-22,33.49,33.49,32.50,32.70,253000,27.34
2004-03-19,33.60,33.94,33.36,33.53,183600,28.04
2004-03-18,33.35,33.68,33.26,33.58,184200,28.08
2004-03-17,32.98,33.50,32.83,33.42,276300,27.95
2004-03-16,32.44,33.44,32.44,33.05,280400,27.64
2004-03-15,33.45,33.45,32.06,32.19,128100,26.92
2004-03-12,32.91,33.40,32.69,33.40,256400,27.93
2004-03-11,32.71,33.25,32.51,32.92,212900,27.53
2004-03-10,33.58,33.75,32.69,32.69,132800,27.34
2004-03-09,34.20,34.20,33.52,33.77,204100,28.24
2004-03-08,34.60,34.61,33.75,34.12,329200,28.53
2004-03-05,34.50,35.60,34.37,35.04,256600,29.30
2004-03-04,34.35,34.99,34.03,34.85,141100,29.14
2004-03-03,34.35,34.61,33.72,34.43,114100,28.79
2004-03-02,34.74,35.00,34.43,34.43,140700,28.79
2004-03-01,34.55,35.10,34.45,34.84,170200,29.13
2004-02-27,33.94,34.71,33.94,34.60,170100,28.93
2004-02-26,33.80,34.04,33.15,34.04,211500,28.47
2004-02-25,33.26,34.07,32.97,33.90,170800,28.35
2004-02-24,33.40,33.56,32.88,33.21,142000,27.65
2004-02-23,33.40,33.64,33.12,33.30,108600,27.72
2004-02-20,33.60,33.75,32.82,33.35,166200,27.76
2004-02-19,33.88,34.40,33.46,33.51,160200,27.90
2004-02-18,34.66,34.80,33.65,33.65,338800,28.01
2004-02-17,33.17,34.96,33.17,34.87,396100,29.03
2004-02-13,33.68,33.80,32.90,32.97,162100,27.45
2004-02-12,33.56,33.99,33.47,33.66,196700,28.02
2004-02-11,33.30,33.98,33.30,33.81,128300,28.15
2004-02-10,32.55,33.91,32.48,33.59,266800,27.96
2004-02-09,32.30,33.41,32.30,32.45,270800,27.01
2004-02-06,31.70,32.44,31.70,32.34,181100,26.92
2004-02-05,30.55,32.27,30.55,31.64,314600,26.34
2004-02-04,31.17,31.60,30.41,30.59,167800,25.46
2004-02-03,31.35,31.54,31.17,31.18,184900,25.96
2004-02-02,31.28,31.89,31.20,31.20,200400,25.97
2004-01-30,31.30,31.55,31.29,31.48,190500,26.21
2004-01-29,31.46,31.96,31.25,31.25,312900,26.01
2004-01-28,32.18,32.36,31.40,31.46,177100,26.19
2004-01-27,31.47,32.30,31.35,31.93,277400,26.58
2004-01-26,30.50,31.55,30.14,31.32,389800,26.07
2004-01-23,30.22,30.80,29.47,30.44,454900,25.34
2004-01-22,31.11,31.29,30.28,30.32,146400,25.24
2004-01-21,31.50,31.77,31.21,31.26,152700,26.02
2004-01-20,31.25,31.94,31.16,31.82,162300,26.49
2004-01-16,31.65,31.66,31.20,31.35,100900,26.10
2004-01-15,31.27,31.79,30.88,31.69,119500,26.38
2004-01-14,32.10,32.10,31.42,31.43,80600,26.16
2004-01-13,32.14,32.20,31.65,31.95,241500,26.60
2004-01-12,31.59,32.25,31.58,32.04,125200,26.67
2004-01-09,31.88,32.07,31.33,31.59,204000,26.30
2004-01-08,32.21,32.46,32.14,32.18,167000,26.79
2004-01-07,32.00,32.00,31.48,31.71,107800,26.40
2004-01-06,32.35,32.58,31.73,31.94,165600,26.59
2004-01-05,31.95,32.58,31.89,32.50,183200,27.05
2004-01-02,31.90,32.16,31.53,31.65,130700,26.35
2003-12-31,32.00,32.34,31.68,31.84,229000,26.51
2003-12-30,32.10,32.27,31.92,31.92,122000,26.57
2003-12-29,32.05,32.37,31.91,32.23,141900,26.83
2003-12-26,32.02,32.19,31.91,31.95,26300,26.60
2003-12-24,32.15,32.31,32.05,32.07,31100,26.70
2003-12-23,31.80,32.25,31.69,32.10,173000,26.72
2003-12-22,31.40,32.01,31.35,32.01,176100,26.65
2003-12-19,31.80,32.22,31.50,31.60,140300,26.31
2003-12-18,31.67,32.25,31.46,31.70,217100,26.39
2003-12-17,32.00,32.32,31.68,31.77,198900,26.45
2003-12-16,31.73,31.86,31.38,31.80,116900,26.47
2003-12-15,33.20,33.20,31.50,31.73,160300,26.41
2003-12-12,31.88,32.38,31.56,32.35,269300,26.93
2003-12-11,30.37,31.88,30.30,31.88,249600,26.54
2003-12-10,30.90,30.99,30.29,30.29,187500,25.21
2003-12-09,31.00,31.40,30.90,31.08,168300,25.87
2003-12-08,30.56,31.06,30.56,30.88,200300,25.71
2003-12-05,30.45,30.76,30.40,30.55,264400,25.43
2003-12-04,29.79,30.50,29.71,30.50,210200,25.39
2003-12-03,29.80,30.26,29.76,29.89,142600,24.88
2003-12-02,29.80,29.99,29.65,29.70,240400,24.72
2003-12-01,29.20,30.01,29.10,30.00,152200,24.97
2003-11-28,29.10,29.48,29.04,29.10,65400,24.22
2003-11-26,28.95,29.15,28.70,29.10,97500,24.22
2003-11-25,27.90,28.95,27.85,28.95,195300,24.10
2003-11-24,27.45,28.00,27.45,28.00,188600,23.18
2003-11-21,27.60,27.74,27.36,27.39,203600,22.68
2003-11-20,27.74,27.89,27.48,27.53,206500,22.79
2003-11-19,27.85,27.94,27.65,27.74,127800,22.97
2003-11-18,28.16,28.28,27.65,27.74,173400,22.97
2003-11-17,28.38,28.38,27.90,28.25,131400,23.39
2003-11-14,28.46,28.69,28.28,28.38,135600,23.50
2003-11-13,28.22,28.61,28.22,28.46,77800,23.56
2003-11-12,27.80,28.31,27.80,28.30,142200,23.43
2003-11-11,28.05,28.14,27.76,27.80,82500,23.02
2003-11-10,28.48,28.50,27.98,28.00,130700,23.18
2003-11-07,28.65,28.80,28.41,28.57,179900,23.66
2003-11-06,28.25,28.76,28.00,28.70,181900,23.76
2003-11-05,28.17,28.31,28.04,28.31,118700,23.44
2003-11-04,28.00,28.26,27.76,28.17,138400,23.32
2003-11-03,27.98,28.24,27.89,28.00,117800,23.18
2003-10-31,28.00,28.20,27.90,27.90,150700,23.10
2003-10-30,27.70,28.14,27.55,28.06,202800,23.23
2003-10-29,27.50,27.65,27.37,27.61,104900,22.86
2003-10-28,27.03,27.52,27.00,27.49,135000,22.76
2003-10-27,27.42,27.65,26.85,27.08,173800,22.42
2003-10-24,27.00,27.66,26.68,27.52,287000,22.79
2003-10-23,26.85,27.81,26.70,27.18,473100,22.50
2003-10-22,28.70,28.70,27.99,28.03,216000,23.21
2003-10-21,28.78,28.87,28.49,28.70,149700,23.76
2003-10-20,28.85,28.95,28.58,28.78,184400,23.83
2003-10-17,29.45,29.50,28.67,28.85,143900,23.89
2003-10-16,29.10,29.42,28.92,29.38,144100,24.33
2003-10-15,29.50,29.60,29.21,29.21,149200,24.19
2003-10-14,29.32,29.59,29.32,29.46,105200,24.39
2003-10-13,29.40,29.62,29.30,29.57,221000,24.48
2003-10-10,29.50,29.76,29.35,29.42,86700,24.36
2003-10-09,29.40,29.94,29.32,29.46,112200,24.39
2003-10-08,29.35,29.60,29.25,29.30,189100,24.26
2003-10-07,29.44,29.52,28.95,29.30,369300,24.26
2003-10-06,29.75,29.98,29.50,29.50,167700,24.43
2003-10-03,29.43,29.91,29.43,29.61,151100,24.52
2003-10-02,28.84,29.49,28.68,29.28,172200,24.24
2003-10-01,28.61,28.96,28.44,28.94,109900,23.96
2003-09-30,28.73,29.10,28.20,28.51,181300,23.61
2003-09-29,28.50,28.70,28.20,28.65,209800,23.72
2003-09-26,29.00,29.00,28.40,28.45,226200,23.56
2003-09-25,29.40,29.55,28.78,29.00,226000,24.01
2003-09-24,30.08,30.08,29.26,29.35,251400,24.30
2003-09-23,29.94,30.26,29.85,30.15,108300,24.96
2003-09-22,30.12,30.12,29.85,29.92,136200,24.77
2003-09-19,30.30,30.48,30.07,30.12,401500,24.94
2003-09-18,30.30,30.65,30.20,30.38,237300,25.15
2003-09-17,30.40,30.55,30.20,30.23,159300,25.03
2003-09-16,30.34,30.60,30.25,30.60,162900,25.34
2003-09-15,30.73,30.73,30.14,30.34,206900,25.12
2003-09-12,30.30,30.48,30.00,30.48,477600,25.24
2003-09-11,29.75,30.41,29.73,30.37,327600,25.15
2003-09-10,30.36,30.36,29.70,29.75,424100,24.63
2003-09-09,29.70,30.80,29.54,30.56,834800,25.30
2003-09-08,29.90,29.99,29.64,29.80,674400,24.67
2003-09-05,28.20,28.63,28.12,28.51,491100,23.61
2003-09-04,27.95,28.14,27.89,28.10,352000,23.27
2003-09-03,27.61,28.02,27.45,27.95,252900,23.14
2003-09-02,27.39,27.62,27.01,27.61,133200,22.86
2003-08-29,27.15,27.23,26.80,27.19,154600,22.51
2003-08-28,26.82,27.15,26.75,27.05,224700,22.40
2003-08-27,26.68,26.88,26.67,26.77,246600,22.17
2003-08-26,26.80,26.98,26.70,26.81,264800,22.07
2003-08-25,26.88,26.95,26.70,26.80,239800,22.07
2003-08-22,26.90,26.94,26.75,26.78,323600,22.05
2003-08-21,26.50,26.86,26.50,26.84,253100,22.10
2003-08-20,26.34,26.62,26.29,26.62,197300,21.92
2003-08-19,26.13,26.65,25.94,26.44,212700,21.77
2003-08-18,26.10,26.30,26.00,26.13,102400,21.51
2003-08-15,25.93,26.02,25.85,26.02,201200,21.42
2003-08-14,25.51,26.10,25.51,25.93,327400,21.35
2003-08-13,25.59,25.64,25.50,25.50,126100,21.00
2003-08-12,25.15,25.68,25.15,25.59,271900,21.07
2003-08-11,25.40,25.40,24.92,25.30,202000,20.83
2003-08-08,25.60,25.64,25.20,25.59,135000,21.07
2003-08-07,25.83,25.98,25.28,25.50,253200,21.00
2003-08-06,26.12,26.25,25.85,25.92,233900,21.34
2003-08-05,26.58,26.65,26.12,26.12,191900,21.51
2003-08-04,26.80,26.80,26.20,26.48,307700,21.80
2003-08-01,27.15,27.15,26.70,26.80,160400,22.07
2003-07-31,27.32,27.62,27.02,27.28,266300,22.46
2003-07-30,26.80,26.97,26.55,26.92,204100,22.16
2003-07-29,27.00,27.02,26.53,26.90,284600,22.15
2003-07-28,27.60,27.60,26.95,27.03,215500,22.26
2003-07-25,27.72,27.80,27.00,27.61,354100,22.73
2003-07-24,29.56,29.60,27.06,27.55,605500,22.68
2003-07-23,29.25,29.59,28.55,29.55,369800,24.33
2003-07-22,28.85,29.27,28.55,29.22,245900,24.06
2003-07-21,29.35,29.45,28.85,28.93,166300,23.82
2003-07-18,28.65,29.49,28.65,29.40,185100,24.21
2003-07-17,28.90,29.00,28.54,28.62,159000,23.56
2003-07-16,29.10,29.29,28.87,28.98,170500,23.86
2003-07-15,29.05,29.34,29.00,29.08,154000,23.94
2003-07-14,28.85,29.10,28.75,29.01,128400,23.89
2003-07-11,28.70,28.88,28.60,28.75,183700,23.67
2003-07-10,28.65,28.75,28.45,28.58,402900,23.53
2003-07-09,28.90,28.98,28.70,28.83,411400,23.74
2003-07-08,29.25,29.28,28.89,28.90,270500,23.80
2003-07-07,29.00,29.30,29.00,29.27,212000,24.10
2003-07-03,28.90,29.01,28.60,28.91,210000,23.80
2003-07-02,28.50,29.09,28.39,29.00,207300,23.88
2003-07-01,28.55,28.55,27.80,28.47,213600,23.44
2003-06-30,28.45,28.77,28.37,28.70,270300,23.63
2003-06-27,28.40,28.75,28.30,28.43,229700,23.41
2003-06-26,28.37,28.37,27.98,28.32,326100,23.32
2003-06-25,28.50,28.75,28.20,28.37,199400,23.36
2003-06-24,28.50,28.58,28.38,28.48,213400,23.45
2003-06-23,29.50,29.50,28.20,28.58,254400,23.53
2003-06-20,29.65,29.75,29.30,29.56,181800,24.34
2003-06-19,29.40,29.75,29.26,29.63,245200,24.40
2003-06-18,29.90,29.95,29.34,29.63,267600,24.40
2003-06-17,30.00,30.20,29.80,30.11,264400,24.79
2003-06-16,29.70,30.15,29.61,30.10,489500,24.78
2003-06-13,29.77,29.77,29.47,29.61,296100,24.38
2003-06-12,29.70,29.99,29.58,29.78,209800,24.52
2003-06-11,29.75,29.75,29.47,29.67,99900,24.43
2003-06-10,29.75,29.80,29.54,29.75,168700,24.49
2003-06-09,29.70,29.87,29.50,29.73,264500,24.48
2003-06-06,29.98,30.34,29.70,29.70,247800,24.45
2003-06-05,29.89,29.95,29.60,29.85,202100,24.58
2003-06-04,29.50,30.09,29.45,29.89,297200,24.61
2003-06-03,29.60,29.70,29.36,29.48,216700,24.27
2003-06-02,29.30,29.79,29.30,29.65,331200,24.41
2003-05-30,29.10,29.45,29.08,29.38,183900,24.19
2003-05-29,28.97,29.33,28.92,29.10,163800,23.96
2003-05-28,28.90,29.05,28.75,28.95,176900,23.84
2003-05-27,28.59,29.10,28.30,29.08,279900,23.84
2003-05-23,28.66,28.73,28.41,28.60,186200,23.44
2003-05-22,28.70,28.81,28.44,28.65,243000,23.48
2003-05-21,28.45,28.70,28.29,28.70,219800,23.52
2003-05-20,28.78,28.85,28.32,28.55,270000,23.40
2003-05-19,29.38,29.45,28.60,28.78,264000,23.59
2003-05-16,29.51,29.75,29.10,29.38,274100,24.08
2003-05-15,29.14,29.71,29.14,29.50,223600,24.18
2003-05-14,28.30,29.38,28.30,29.13,312700,23.88
2003-05-13,29.13,29.31,28.67,28.77,170100,23.58
2003-05-12,28.49,29.13,28.25,29.13,166400,23.88
2003-05-09,28.11,28.49,27.98,28.49,89600,23.35
2003-05-08,28.10,28.30,27.72,28.00,124800,22.95
2003-05-07,28.24,28.29,27.96,28.18,137100,23.10
2003-05-06,28.25,28.40,28.02,28.21,108400,23.12
2003-05-05,27.83,28.20,27.79,28.10,111600,23.03
2003-05-02,27.35,28.20,27.35,28.08,188400,23.02
2003-05-01,27.80,27.81,27.01,27.65,217200,22.66
2003-04-30,27.62,28.11,27.40,27.87,226600,22.84
2003-04-29,27.00,27.62,26.95,27.62,208800,22.64
2003-04-28,26.10,27.00,26.04,26.96,245300,22.10
2003-04-25,25.91,26.08,25.45,26.06,266700,21.36
2003-04-24,25.11,25.95,25.10,25.91,294900,21.24
2003-04-23,24.98,25.40,24.90,25.08,151700,20.56
2003-04-22,24.95,25.28,24.80,24.97,171800,20.47
2003-04-21,25.05,25.30,24.98,25.13,126000,20.60
2003-04-17,24.75,25.10,24.72,25.00,85600,20.49
2003-04-16,24.75,24.90,24.59,24.75,154100,20.29
2003-04-15,24.64,25.00,24.30,24.95,150200,20.45
2003-04-14,23.61,24.75,23.61,24.74,157700,20.28
2003-04-11,24.18,24.28,23.50,23.61,118600,19.35
2003-04-10,23.81,23.95,23.69,23.95,146600,19.63
2003-04-09,24.33,24.35,23.80,23.81,83900,19.52
2003-04-08,24.60,24.60,24.30,24.30,121800,19.92
2003-04-07,24.95,25.07,24.65,24.69,127000,20.24
2003-04-04,24.62,24.78,24.29,24.50,110400,20.08
2003-04-03,24.15,24.67,24.14,24.52,164800,20.10
2003-04-02,24.10,24.40,24.10,24.22,118400,19.85
2003-04-01,23.46,23.70,23.00,23.70,199400,19.43
2003-03-31,23.65,23.98,23.40,23.86,215300,19.56
2003-03-28,23.50,23.90,23.48,23.90,104000,19.59
2003-03-27,23.60,23.84,23.37,23.71,114400,19.43
2003-03-26,23.75,23.94,23.50,23.76,90600,19.48
2003-03-25,23.80,23.89,23.50,23.82,172400,19.52
2003-03-24,24.75,24.75,23.83,23.88,188300,19.57
2003-03-21,24.05,25.00,23.98,24.99,188900,20.48
2003-03-20,23.30,24.00,22.85,23.85,242000,19.55
2003-03-19,22.95,23.44,22.95,23.38,145100,19.16
2003-03-18,22.67,23.00,22.60,22.89,193100,18.76
2003-03-17,22.12,22.45,21.95,22.42,242000,18.38
2003-03-14,21.99,22.30,21.81,22.12,182500,18.13
2003-03-13,21.25,22.05,21.24,22.01,147300,18.04
2003-03-12,21.16,21.25,21.01,21.09,129800,17.29
2003-03-11,21.02,21.39,21.02,21.16,143100,17.34
2003-03-10,21.30,21.35,21.00,21.01,229600,17.22
2003-03-07,20.86,21.60,20.80,21.49,104800,17.61
2003-03-06,21.05,21.22,20.95,21.06,188000,17.26
2003-03-05,21.05,21.19,20.81,21.13,112100,17.32
2003-03-04,21.55,21.60,21.10,21.15,189400,17.34
2003-03-03,21.93,22.05,21.50,21.60,220300,17.71
2003-02-28,22.00,22.06,21.71,21.90,97900,17.95
2003-02-27,22.00,22.13,21.75,22.00,162300,18.03
2003-02-26,22.00,22.10,21.81,22.00,176500,18.03
2003-02-25,22.00,22.00,21.30,21.96,151400,17.89
2003-02-24,22.75,22.75,22.03,22.06,88900,17.98
2003-02-21,22.30,22.79,22.05,22.74,120700,18.53
2003-02-20,22.92,22.92,22.20,22.36,106000,18.22
2003-02-19,23.01,23.09,22.80,22.92,129600,18.68
2003-02-18,22.80,23.20,22.80,23.00,94500,18.74
2003-02-14,22.90,23.06,22.40,22.68,161000,18.48
2003-02-13,22.82,22.96,22.60,22.90,113900,18.66
2003-02-12,23.25,23.43,22.65,22.81,167900,18.59
2003-02-11,23.61,23.68,23.15,23.35,201600,19.03
2003-02-10,23.60,23.68,23.14,23.60,244300,19.23
2003-02-07,24.20,24.20,23.50,23.51,188100,19.16
2003-02-06,24.57,24.58,24.00,24.05,139600,19.60
2003-02-05,25.01,25.01,24.40,24.61,448200,20.05
2003-02-04,24.80,25.10,24.52,25.00,175500,20.37
2003-02-03,25.25,25.36,24.95,25.12,208100,20.47
2003-01-31,24.60,25.35,24.55,25.26,238300,20.58
2003-01-30,24.56,24.96,24.55,24.65,329200,20.09
2003-01-29,24.40,24.66,24.07,24.45,303500,19.92
2003-01-28,24.11,24.67,24.10,24.51,224800,19.97
2003-01-27,24.20,24.54,24.00,24.06,274200,19.60
2003-01-24,24.50,24.79,24.15,24.50,580500,19.96
2003-01-23,23.75,23.95,23.57,23.75,188300,19.35
2003-01-22,24.05,24.30,23.50,23.51,365300,19.16
2003-01-21,25.22,25.24,24.50,24.55,142100,20.00
2003-01-17,25.15,25.50,25.00,25.11,126600,20.46
2003-01-16,25.60,25.98,25.20,25.22,308300,20.55
2003-01-15,26.00,26.00,25.50,25.73,108500,20.97
2003-01-14,26.06,26.07,25.65,26.00,101000,21.19
2003-01-13,26.25,26.35,25.90,26.07,249100,21.24
2003-01-10,26.20,26.40,26.05,26.22,90100,21.36
2003-01-09,25.88,26.32,25.88,26.29,187000,21.42
2003-01-08,26.15,26.15,25.79,25.87,169100,21.08
2003-01-07,26.32,26.38,26.05,26.18,134200,21.33
2003-01-06,26.35,26.38,26.00,26.32,491500,21.45
2003-01-03,26.80,26.80,26.29,26.35,249300,21.47
2003-01-02,26.60,26.80,26.20,26.80,212100,21.84
2002-12-31,26.48,26.66,26.30,26.54,226200,21.63
2002-12-30,26.45,26.72,26.20,26.51,183200,21.60
2002-12-27,26.71,26.71,26.50,26.51,144500,21.60
2002-12-26,26.38,26.75,26.38,26.71,194400,21.76
2002-12-24,26.35,26.54,26.33,26.38,177100,21.50
2002-12-23,26.26,26.37,26.04,26.35,235400,21.47
2002-12-20,26.25,26.30,26.20,26.26,209200,21.40
2002-12-19,26.15,26.35,26.03,26.25,230600,21.39
2002-12-18,26.70,26.70,26.20,26.27,208200,21.41
2002-12-17,27.00,27.10,26.75,26.85,246900,21.88
2002-12-16,26.48,27.30,26.48,27.29,150700,22.24
2002-12-13,26.28,26.51,26.05,26.48,294300,21.58
2002-12-12,27.03,27.03,26.41,26.44,379200,21.54
2002-12-11,26.35,27.03,26.15,27.03,317600,22.02
2002-12-10,26.40,26.60,26.35,26.45,152300,21.55
2002-12-09,27.42,27.42,25.25,26.27,434700,21.41
2002-12-06,27.30,27.49,26.87,27.41,208100,22.33
2002-12-05,26.81,27.59,26.49,27.45,377300,22.37
2002-12-04,25.85,26.52,25.60,26.41,186400,21.52
2002-12-03,25.70,25.97,25.45,25.90,156200,21.10
2002-12-02,25.58,25.92,25.58,25.87,173500,21.08
2002-11-29,25.25,25.62,25.25,25.33,51100,20.64
2002-11-27,24.05,25.17,24.05,25.10,186600,20.45
2002-11-26,24.00,24.20,23.64,23.96,189300,19.52
2002-11-25,24.20,24.50,23.95,24.29,169000,19.69
2002-11-22,24.30,24.67,23.85,23.97,223700,19.43
2002-11-21,23.92,24.60,23.65,24.49,645100,19.85
2002-11-20,25.68,25.68,22.20,24.17,1469100,19.59
2002-11-19,25.50,25.93,25.50,25.67,90800,20.80
2002-11-18,25.50,25.75,25.20,25.55,91700,20.71
2002-11-15,25.05,25.67,25.05,25.45,134700,20.63
2002-11-14,24.75,25.18,24.75,25.15,123800,20.38
2002-11-13,24.61,24.99,24.19,24.64,233900,19.97
2002-11-12,24.58,25.05,24.55,24.63,162400,19.96
2002-11-11,25.01,25.25,24.40,24.58,211100,19.92
2002-11-08,25.10,25.30,24.80,25.01,158500,20.27
2002-11-07,25.14,25.25,24.80,25.17,230400,20.40
2002-11-06,24.96,25.25,24.60,25.24,307100,20.46
2002-11-05,24.85,25.11,24.75,24.91,205100,20.19
2002-11-04,24.60,25.05,24.40,24.91,363400,20.19
2002-11-01,23.60,24.40,23.43,24.40,175900,19.78
2002-10-31,23.30,23.75,23.30,23.68,214700,19.19
2002-10-30,23.09,23.35,22.95,23.30,141000,18.88
2002-10-29,23.28,23.28,22.40,23.09,263900,18.71
2002-10-28,22.85,23.60,22.60,23.28,440300,18.87
2002-10-25,22.17,22.90,21.75,22.90,439900,18.56
2002-10-24,22.20,22.70,22.02,22.27,335400,18.05
2002-10-23,21.50,22.23,21.29,22.16,282700,17.96
2002-10-22,21.70,21.75,21.27,21.50,209900,17.43
2002-10-21,20.90,21.79,20.71,21.73,147400,17.61
2002-10-18,21.87,21.87,21.00,21.31,176000,17.27
2002-10-17,21.42,21.95,21.42,21.86,175600,17.72
2002-10-16,21.85,21.95,20.89,20.92,135100,16.95
2002-10-15,21.00,22.00,21.00,21.94,250100,17.78
2002-10-14,20.49,20.89,20.49,20.76,191300,16.83
2002-10-11,20.21,21.00,20.14,20.59,326600,16.69
2002-10-10,19.78,19.90,19.55,19.71,277200,15.97
2002-10-09,20.00,20.00,19.45,19.53,231500,15.83
2002-10-08,20.20,20.30,19.75,20.12,329800,16.31
2002-10-07,20.49,20.61,19.89,20.05,254500,16.25
2002-10-04,20.98,21.26,20.29,20.52,350000,16.63
2002-10-03,20.65,21.31,20.65,20.95,262600,16.98
2002-10-02,21.70,21.80,20.68,20.68,385400,16.76
2002-10-01,21.00,22.00,20.95,22.00,264100,17.83
2002-09-30,21.39,21.39,20.50,21.00,299000,17.02
2002-09-27,21.90,21.99,21.27,21.35,304000,17.30
2002-09-26,21.50,21.95,21.50,21.85,139700,17.71
2002-09-25,21.51,21.89,21.41,21.50,237400,17.43
2002-09-24,21.72,21.72,21.30,21.36,202200,17.31
2002-09-23,22.14,22.14,21.60,21.77,172400,17.64
2002-09-20,22.15,22.25,22.05,22.14,244300,17.94
2002-09-19,22.30,22.39,21.95,21.95,386700,17.79
2002-09-18,22.50,22.60,22.00,22.40,148600,18.15
2002-09-17,23.20,23.25,22.50,22.54,129400,18.27
2002-09-16,23.39,23.40,22.91,23.00,138200,18.64
2002-09-13,23.10,23.29,22.76,23.29,189700,18.88
2002-09-12,23.93,23.93,23.22,23.28,139300,18.87
2002-09-11,24.00,24.30,23.95,24.02,211900,19.47
2002-09-10,23.90,24.20,23.50,23.83,155200,19.31
2002-09-09,23.95,24.09,23.43,23.90,212300,19.37
2002-09-06,23.95,24.21,23.20,24.10,270800,19.53
2002-09-05,24.26,24.40,23.70,23.85,371300,19.33
2002-09-04,23.65,24.30,23.54,24.26,281600,19.66
2002-09-03,23.80,24.00,22.75,23.64,369000,19.16
2002-08-30,23.90,24.25,23.70,23.84,267200,19.32
2002-08-29,24.00,24.10,23.87,23.95,259100,19.41
2002-08-28,24.77,24.80,23.92,24.09,194600,19.52
2002-08-27,25.00,25.20,24.53,24.83,179700,20.02
2002-08-26,24.85,25.15,24.45,24.95,157600,20.12
2002-08-23,25.48,25.55,24.80,24.89,191500,20.07
2002-08-22,25.60,25.85,25.20,25.51,135500,20.57
2002-08-21,25.00,25.75,25.00,25.61,213500,20.65
2002-08-20,25.23,25.34,25.00,25.00,202600,20.16
2002-08-19,24.44,25.30,24.39,25.25,373800,20.36
2002-08-16,24.50,24.79,24.16,24.54,127500,19.78
2002-08-15,25.16,25.16,24.10,24.52,218300,19.77
2002-08-14,24.40,25.25,23.40,25.16,285200,20.28
2002-08-13,24.60,25.14,24.38,24.41,207900,19.68
2002-08-12,25.00,25.01,24.27,24.85,211700,20.03
2002-08-09,24.50,25.60,24.15,25.04,446400,20.19
2002-08-08,23.91,24.55,23.50,24.48,245900,19.74
2002-08-07,23.20,23.94,22.87,23.90,248800,19.27
2002-08-06,22.50,23.34,22.50,23.20,357600,18.70
2002-08-05,23.19,23.60,22.46,22.50,325200,18.14
2002-08-02,24.10,24.11,22.65,23.10,237400,18.62
2002-08-01,24.61,24.65,23.90,24.48,220200,19.74
2002-07-31,24.72,24.82,23.90,24.72,246600,19.93
2002-07-30,25.56,25.74,24.75,24.75,480400,19.95
2002-07-29,24.15,25.51,24.15,25.46,335900,20.53
2002-07-26,24.66,24.85,23.61,24.20,317400,19.51
2002-07-25,23.90,24.70,22.82,24.66,625200,19.88
2002-07-24,22.85,24.80,22.52,24.80,334500,19.99
2002-07-23,23.22,23.55,22.29,22.89,273600,18.45
2002-07-22,24.30,24.68,23.21,23.31,315000,18.79
2002-07-19,25.05,25.18,24.21,24.35,277500,19.63
2002-07-18,25.70,25.95,24.90,25.15,301400,20.28
2002-07-17,25.45,26.15,25.22,25.74,201200,20.75
2002-07-16,25.61,26.07,25.04,25.34,181700,20.43
2002-07-15,25.69,25.75,24.70,25.60,288200,20.64
2002-07-12,26.40,26.80,25.59,25.69,383300,20.71
2002-07-11,26.18,26.56,25.37,26.45,523900,21.32
2002-07-10,27.25,27.26,25.98,26.23,343100,21.15
2002-07-09,27.68,27.90,27.20,27.27,297200,21.99
2002-07-08,27.73,28.15,27.50,27.73,171900,22.36
2002-07-05,27.31,28.00,27.31,27.75,129100,22.37
2002-07-03,27.41,27.41,26.50,27.21,268500,21.94
2002-07-02,28.25,28.25,27.00,27.41,296100,22.10
2002-07-01,28.60,28.74,28.23,28.35,350300,22.86
2002-06-28,27.59,29.22,27.59,28.65,523400,23.10
2002-06-27,27.40,27.80,27.20,27.69,187800,22.32
2002-06-26,27.10,27.50,26.70,27.36,280100,22.06
2002-06-25,27.25,27.85,27.25,27.57,234100,22.23
2002-06-24,27.50,27.90,27.15,27.35,181100,22.05
2002-06-21,27.60,28.24,27.42,27.60,322500,22.25
2002-06-20,28.22,28.70,27.95,28.03,256700,22.60
2002-06-19,28.25,28.69,27.48,28.22,765900,22.75
2002-06-18,29.59,29.95,29.00,29.63,253300,23.89
2002-06-17,29.40,29.79,29.27,29.58,266400,23.85
2002-06-14,28.81,29.65,27.90,29.30,462600,23.62
2002-06-13,29.58,29.77,28.62,28.83,463500,23.24
2002-06-12,29.34,29.65,29.32,29.63,452400,23.89
2002-06-11,29.85,30.25,29.30,29.35,751600,23.66
2002-06-10,29.25,29.80,29.25,29.60,785100,23.86
2002-06-07,27.05,29.29,26.80,29.05,1748600,23.42
2002-06-06,23.90,24.01,23.48,23.84,418500,19.22
2002-06-05,23.30,24.07,23.27,23.95,279400,19.31
2002-06-04,23.80,23.94,22.95,23.22,651600,18.72
2002-06-03,24.67,24.85,23.70,23.84,452200,19.22
2002-05-31,24.72,24.75,24.41,24.63,301500,19.86
2002-05-30,25.05,25.05,24.50,24.69,430100,19.91
2002-05-29,25.65,25.75,24.99,25.09,124600,20.23
2002-05-28,25.78,25.90,25.48,25.68,137600,20.60
2002-05-24,26.00,26.21,25.60,25.77,253200,20.67
2002-05-23,25.75,25.90,25.26,25.80,319600,20.70
2002-05-22,26.10,26.15,25.38,25.79,295400,20.69
2002-05-21,26.29,26.60,25.82,26.00,398700,20.86
2002-05-20,27.05,27.10,25.75,26.04,653000,20.89
2002-05-17,27.22,27.29,26.09,27.02,1091800,21.67
2002-05-16,26.75,27.92,26.50,27.22,993100,21.83
2002-05-15,28.00,28.80,27.80,27.90,771300,22.38
2002-05-14,27.15,28.24,27.10,28.05,726600,22.50
2002-05-13,26.70,27.35,26.60,27.25,506100,21.86
2002-05-10,26.40,27.08,26.40,27.01,445000,21.67
2002-05-09,26.05,26.65,26.05,26.40,403000,21.18
2002-05-08,26.25,26.30,25.75,26.01,437800,20.86
2002-05-07,25.50,25.90,25.29,25.74,698000,20.65
2002-05-06,27.27,27.45,24.38,24.95,1532300,20.01
2002-05-03,28.19,28.20,26.90,27.25,825200,21.86
2002-05-02,29.41,29.70,28.14,28.30,585000,22.70
2002-05-01,29.80,29.85,29.46,29.66,172200,23.79
2002-04-30,29.25,30.33,29.18,29.80,228400,23.90
2002-04-29,29.80,29.81,29.25,29.25,186600,23.46
2002-04-26,29.77,30.17,29.43,29.99,313900,24.06
2002-04-25,29.45,30.16,28.75,29.77,324500,23.88
2002-04-24,30.10,30.18,29.49,29.70,337000,23.82
2002-04-23,30.00,30.60,29.65,29.97,347900,24.04
2002-04-22,31.00,31.19,30.00,30.05,221400,24.10
2002-04-19,31.65,31.95,30.82,30.90,236500,24.79
2002-04-18,31.38,31.50,30.50,31.35,703300,25.15
2002-04-17,32.82,32.90,31.35,31.38,749600,25.17
2002-04-16,31.80,33.10,31.80,32.80,821600,26.31
2002-04-15,34.70,34.71,33.63,33.65,362700,26.99
2002-04-12,34.70,34.75,34.53,34.61,259400,27.76
2002-04-11,34.80,35.10,34.60,34.60,210700,27.75
2002-04-10,34.40,34.75,34.40,34.72,205900,27.85
2002-04-09,34.95,34.95,34.33,34.33,275500,27.54
2002-04-08,34.75,35.00,34.40,34.88,172400,27.98
2002-04-05,34.30,35.48,34.30,34.83,183600,27.94
2002-04-04,34.49,34.50,33.90,34.21,196500,27.44
2002-04-03,35.68,35.68,34.40,34.51,391500,27.68
2002-04-02,36.00,36.15,35.67,35.68,170100,28.62
2002-04-01,36.75,36.75,36.00,36.00,224600,28.88
2002-03-28,36.80,37.07,36.70,36.85,262100,29.56
2002-03-27,36.45,37.22,36.30,37.04,383300,29.71
2002-03-26,35.25,36.91,35.25,36.44,330100,29.23
2002-03-25,35.43,35.65,35.17,35.17,189300,28.21
2002-03-22,35.60,35.80,35.43,35.43,271300,28.42
2002-03-21,35.55,35.59,35.20,35.50,279000,28.48
2002-03-20,35.80,36.00,35.52,35.53,212900,28.50
2002-03-19,35.45,35.75,35.20,35.60,197800,28.56
2002-03-18,35.75,35.77,35.27,35.45,285200,28.44
2002-03-15,35.35,35.90,35.25,35.75,250200,28.68
2002-03-14,35.40,35.47,35.00,35.44,134300,28.43
2002-03-13,35.60,35.60,35.35,35.39,165700,28.39
2002-03-12,35.55,35.75,35.40,35.62,129700,28.57
2002-03-11,35.75,35.75,35.35,35.65,113300,28.60
2002-03-08,35.70,35.81,35.42,35.60,141300,28.56
2002-03-07,36.25,36.25,35.50,35.58,401500,28.54
2002-03-06,33.98,35.04,33.91,35.03,311600,28.10
2002-03-05,33.68,33.92,33.25,33.85,249100,27.15
2002-03-04,33.15,33.67,33.00,33.64,344800,26.98
2002-03-01,32.75,33.05,32.55,32.95,177400,26.43
2002-02-28,33.00,33.06,32.65,32.68,239200,26.21
2002-02-27,33.00,33.15,32.69,32.87,294800,26.37
2002-02-26,33.00,33.08,32.72,32.88,136000,26.37
2002-02-25,32.85,33.43,32.85,33.00,363900,26.47
2002-02-22,32.90,33.10,32.60,32.85,361900,26.35
2002-02-21,33.65,33.80,32.90,32.91,136300,26.40
2002-02-20,33.57,33.70,33.16,33.68,169300,27.02
2002-02-19,33.80,33.90,33.35,33.63,274100,26.87
2002-02-15,34.02,34.35,33.69,34.03,220300,27.19
2002-02-14,34.30,34.45,34.10,34.27,151400,27.38
2002-02-13,33.65,34.50,33.65,34.30,133800,27.41
2002-02-12,33.95,34.00,33.55,33.90,146700,27.09
2002-02-11,33.35,34.26,33.30,34.18,137900,27.31
2002-02-08,33.00,33.25,32.67,33.17,142700,26.50
2002-02-07,32.55,33.15,32.21,33.14,232100,26.48
2002-02-06,32.60,32.85,32.26,32.72,162100,26.14
2002-02-05,32.75,32.80,32.35,32.62,212300,26.06
2002-02-04,33.10,33.10,32.41,32.80,138500,26.21
2002-01-31,32.80,33.65,32.70,33.57,360300,26.82
2002-01-30,32.70,33.25,32.50,33.03,310000,26.39
2002-01-29,33.30,33.56,32.47,32.83,400600,26.23
2002-01-28,32.93,33.07,32.16,33.05,364300,26.41
2002-01-25,33.00,33.15,31.95,32.90,836300,26.29
2002-01-24,32.00,32.77,31.92,32.60,428600,26.05
2002-01-23,31.70,31.90,31.46,31.90,269000,25.49
2002-01-22,32.90,33.00,31.27,31.45,297800,25.13
2002-01-18,31.40,31.87,31.30,31.77,445200,25.39
2002-01-17,31.15,31.65,30.70,31.60,599900,25.25
2002-01-16,30.90,31.22,30.60,31.09,388200,24.84
2002-01-15,31.99,32.05,30.69,31.25,812700,24.97
2002-01-14,33.29,33.33,31.75,31.99,428500,25.56
2002-01-11,34.25,34.25,32.72,33.04,585200,26.40
2002-01-10,35.00,35.10,33.90,34.28,212400,27.39
2002-01-09,35.40,35.60,34.70,35.00,353500,27.97
2002-01-08,35.85,35.85,35.23,35.40,236600,28.29
2002-01-07,36.20,36.23,35.76,35.85,236200,28.65
2002-01-04,35.88,36.29,35.88,36.27,137200,28.98
2002-01-03,34.95,36.09,34.80,35.68,468700,28.51
2002-01-02,35.73,35.80,34.65,35.05,226200,28.01
2001-12-31,35.20,35.76,35.02,35.70,229100,28.53
2001-12-28,35.20,35.33,35.03,35.22,109800,28.14
2001-12-27,34.75,35.25,34.74,35.10,222800,28.05
2001-12-26,34.90,35.09,34.36,34.58,185500,27.63
2001-12-24,34.75,35.08,34.50,34.80,130500,27.81
2001-12-21,35.05,35.30,34.70,34.70,284600,27.73
2001-12-20,35.80,36.25,35.25,35.30,165700,28.21
2001-12-19,36.20,36.23,35.52,35.83,180100,28.63
2001-12-18,36.30,36.65,35.90,36.27,215500,28.98
2001-12-17,35.85,36.29,35.40,36.29,254200,29.00
2001-12-14,36.02,36.35,35.85,35.85,282500,28.65
2001-12-13,36.85,37.05,36.00,36.01,240700,28.77
2001-12-12,37.43,37.48,36.80,36.80,279700,29.40
2001-12-11,37.50,37.60,37.30,37.42,184600,29.90
2001-12-10,38.09,38.09,37.05,37.56,238900,30.01
2001-12-07,37.85,38.15,37.40,38.09,145400,30.44
2001-12-06,38.50,38.59,37.80,38.00,211800,30.36
2001-12-05,36.44,38.85,36.44,38.46,294600,30.73
2001-12-04,36.15,36.34,35.73,36.19,277200,28.92
2001-12-03,36.40,36.40,35.50,36.02,133100,28.78
2001-11-30,36.60,37.51,36.12,36.31,258400,29.01
2001-11-29,36.37,37.08,36.10,36.45,240200,29.13
2001-11-28,36.80,36.80,36.11,36.37,120700,29.06
2001-11-27,36.80,37.30,36.73,37.06,126200,29.51
2001-11-26,36.99,36.99,36.36,36.80,89400,29.30
2001-11-23,36.90,36.99,36.75,36.98,36100,29.44
2001-11-21,36.70,36.91,36.20,36.85,471300,29.34
2001-11-20,36.45,37.26,36.08,36.84,305400,29.33
2001-11-19,35.55,36.47,35.52,36.45,197100,29.02
2001-11-16,35.10,35.44,34.50,35.30,202700,28.11
2001-11-15,34.91,35.55,34.80,35.02,234800,27.88
2001-11-14,33.90,35.00,33.90,34.90,529500,27.79
2001-11-13,34.20,34.40,33.91,34.30,286800,27.31
2001-11-12,34.00,34.10,33.51,33.98,204000,27.06
2001-11-09,33.60,34.08,33.60,34.00,147700,27.07
2001-11-08,34.30,34.67,33.60,33.60,243000,26.75
2001-11-07,34.00,34.50,33.95,34.22,215200,27.25
2001-11-06,33.99,34.10,33.72,34.06,230100,27.12
2001-11-05,33.70,34.04,33.48,33.98,276800,27.06
2001-11-02,33.55,33.99,33.47,33.68,187000,26.82
2001-11-01,33.75,34.05,33.40,33.65,310400,26.79
2001-10-31,33.70,33.80,32.55,33.50,423100,26.67
2001-10-30,34.22,34.22,32.80,33.10,408700,26.36
2001-10-29,34.81,35.00,34.00,34.37,372700,27.37
2001-10-26,33.92,34.90,32.00,34.47,892100,27.45
2001-10-25,41.30,41.30,31.00,33.92,4347600,27.01
2001-10-24,41.90,42.10,41.00,41.40,273200,32.96
2001-10-23,41.45,42.24,40.82,41.87,597500,33.34
2001-10-22,39.98,41.40,39.82,41.06,267500,32.69
2001-10-19,39.35,40.09,39.30,39.82,165700,31.71
2001-10-18,39.40,40.10,38.73,39.20,317900,31.21
2001-10-17,40.40,40.41,38.60,39.15,236500,31.17
2001-10-16,39.98,40.50,39.21,39.86,251700,31.74
2001-10-15,40.60,41.15,39.88,39.88,221400,31.75
2001-10-12,40.91,41.10,40.25,40.70,224000,32.41
2001-10-11,39.85,40.90,39.85,40.88,269000,32.55
2001-10-10,39.15,40.00,38.90,39.90,148800,31.77
2001-10-09,38.30,39.10,38.05,38.90,251500,30.97
2001-10-08,39.35,39.35,38.27,38.45,164200,30.62
2001-10-05,38.95,39.74,38.60,39.38,229500,31.36
2001-10-04,39.86,39.86,38.25,38.94,248000,31.01
2001-10-03,38.55,39.60,37.90,39.36,254200,31.34
2001-10-02,38.68,39.22,38.15,38.35,311100,30.54
2001-10-01,39.70,39.71,38.10,38.48,530100,30.64
2001-09-28,38.30,40.08,38.30,39.90,397800,31.77
2001-09-27,36.65,38.30,36.46,38.10,302000,30.34
2001-09-26,36.76,36.76,36.10,36.46,105600,29.03
2001-09-25,37.00,37.25,36.25,36.75,229800,29.26
2001-09-24,35.75,37.24,35.72,37.07,242900,29.52
2001-09-21,35.10,35.10,33.75,34.90,346700,27.79
2001-09-20,34.95,35.25,34.10,35.10,396200,27.95
2001-09-19,37.20,37.81,33.65,35.00,423000,27.87
2001-09-18,38.45,38.95,37.03,37.04,268200,29.49
2001-09-17,38.70,38.80,38.05,38.46,365600,30.62
2001-09-10,38.70,39.78,38.70,39.40,497800,31.37
2001-09-07,40.51,40.51,38.60,39.01,334200,31.06
2001-09-06,40.76,40.95,40.50,40.61,305900,32.34
2001-09-05,41.35,41.50,40.66,40.76,345200,32.45
2001-09-04,40.77,41.60,40.67,41.35,528000,32.92
2001-08-31,39.70,40.55,39.68,40.37,197500,32.14
2001-08-30,39.45,39.91,39.34,39.70,141800,31.61
2001-08-29,39.09,39.50,39.05,39.45,135300,31.41
2001-08-28,39.26,39.35,39.00,39.22,196000,31.12
2001-08-27,39.40,39.48,39.26,39.26,202200,31.16
2001-08-24,39.20,39.46,38.95,39.40,228300,31.27
2001-08-23,39.10,39.24,39.00,39.00,174200,30.95
2001-08-22,38.75,39.30,38.35,39.00,258600,30.95
2001-08-21,38.85,39.45,38.74,38.90,310700,30.87
2001-08-20,39.15,39.40,38.69,39.07,209400,31.01
2001-08-17,39.81,40.05,39.30,39.40,89800,31.27
2001-08-16,39.40,39.85,38.70,39.80,95100,31.59
2001-08-15,39.98,40.31,39.17,39.25,100100,31.15
2001-08-14,39.45,40.28,39.45,39.97,206400,31.72
2001-08-13,38.93,39.44,38.33,39.28,117500,31.17
2001-08-10,38.25,39.05,38.00,38.92,88100,30.89
2001-08-09,37.90,38.35,37.70,38.17,122500,30.29
2001-08-08,38.50,38.54,37.80,37.86,121700,30.05
2001-08-07,38.30,38.48,38.15,38.36,113100,30.44
2001-08-06,38.52,38.52,38.00,38.10,81200,30.24
2001-08-03,38.20,38.20,37.90,38.15,96300,30.28
2001-08-02,38.50,38.59,37.90,38.00,117500,30.16
2001-08-01,37.31,38.15,37.14,38.15,187400,30.28
2001-07-31,36.96,37.90,36.96,37.31,108200,29.61
2001-07-30,36.81,36.95,36.40,36.71,143000,29.13
2001-07-27,36.35,37.00,36.20,36.80,223900,29.20
2001-07-26,36.10,36.48,35.50,36.40,156700,28.89
2001-07-25,34.78,36.00,34.78,35.99,136000,28.56
2001-07-24,35.05,35.56,34.78,34.87,223000,27.67
2001-07-23,35.85,35.89,35.02,35.22,89300,27.95
2001-07-20,36.05,36.05,35.50,35.78,113100,28.39
2001-07-19,36.00,36.31,35.80,36.00,43200,28.57
2001-07-18,36.10,36.10,35.65,35.90,119300,28.49
2001-07-17,35.55,36.00,35.45,36.00,87100,28.57
2001-07-16,35.90,36.00,35.60,35.60,74400,28.25
2001-07-13,36.30,36.30,35.37,35.80,175300,28.41
2001-07-12,35.65,36.30,35.51,36.30,153400,28.81
2001-07-11,35.30,36.00,35.07,35.55,188600,28.21
2001-07-10,35.25,35.51,35.10,35.30,161500,28.01
2001-07-09,35.50,35.80,35.35,35.49,192700,28.16
2001-07-06,36.10,36.15,35.50,35.55,146300,28.21
2001-07-05,35.95,36.30,35.90,36.20,172100,28.73
2001-07-03,36.00,36.00,35.54,35.82,127600,28.43
2001-07-02,36.10,36.20,35.60,35.99,238500,28.56
2001-06-29,36.10,36.15,35.90,36.02,268900,28.59
2001-06-28,36.40,36.40,35.78,35.97,277900,28.55
2001-06-27,35.94,36.70,35.91,36.35,141300,28.85
2001-06-26,35.99,36.16,35.59,35.94,533000,28.52
2001-06-25,36.55,36.69,35.98,35.98,241600,28.55
2001-06-22,37.51,37.81,36.54,36.62,412900,29.06
2001-06-21,38.74,38.74,37.25,37.50,225700,29.76
2001-06-20,37.22,38.74,37.22,38.74,257700,30.74
2001-06-19,36.85,37.50,36.85,37.42,155200,29.70
2001-06-18,37.40,37.40,36.60,37.05,363000,29.40
2001-06-15,37.25,37.81,37.22,37.45,243600,29.72
2001-06-14,37.80,37.90,37.32,37.50,248800,29.76
2001-06-13,37.48,38.45,37.48,37.85,162100,30.04
2001-06-12,38.02,38.02,37.33,37.69,336600,29.91
2001-06-11,38.20,38.24,37.99,38.24,208100,30.35
2001-06-08,38.25,38.57,38.20,38.26,70700,30.36
2001-06-07,37.75,38.88,37.75,38.50,310400,30.55
2001-06-06,38.30,38.85,37.90,38.04,154000,30.19
2001-06-05,37.90,38.99,37.08,38.23,398800,30.34
2001-06-04,37.50,37.95,37.50,37.75,385600,29.96
2001-06-01,37.71,37.71,37.00,37.40,352700,29.68
2001-05-31,37.15,37.80,37.15,37.51,305100,29.77
2001-05-30,37.80,37.80,37.16,37.27,363300,29.58
2001-05-29,37.61,38.37,37.61,37.90,345400,30.08
2001-05-25,37.50,37.93,37.50,37.51,148300,29.77
2001-05-24,37.22,37.55,37.22,37.52,311400,29.78
2001-05-23,37.75,38.30,37.22,37.32,583800,29.62
2001-05-22,37.90,38.29,37.25,37.82,314600,29.91
2001-05-21,37.13,38.20,37.00,38.20,246300,30.21
2001-05-18,37.00,37.21,36.90,37.13,142300,29.37
2001-05-17,37.28,37.75,36.96,37.30,456300,29.50
2001-05-16,36.00,37.34,35.95,37.28,419400,29.48
2001-05-15,34.43,36.10,34.43,36.10,290300,28.55
2001-05-14,34.07,34.39,33.98,34.19,300600,27.04
2001-05-11,34.99,34.99,33.82,34.07,268700,26.94
2001-05-10,34.90,34.99,34.77,34.87,89100,27.58
2001-05-09,33.94,34.94,33.94,34.82,283500,27.54
2001-05-08,34.39,34.73,34.19,34.19,206600,27.04
2001-05-07,34.83,34.87,34.07,34.17,207000,27.03
2001-05-04,33.60,35.00,33.50,35.00,239000,27.68
2001-05-03,33.47,33.83,32.80,33.65,297700,26.61
2001-05-02,33.31,33.54,32.25,33.46,578300,26.46
2001-05-01,32.52,33.43,32.52,33.30,489200,26.34
2001-04-30,33.38,33.38,32.26,32.40,544200,25.62
2001-04-27,33.45,33.68,32.87,33.60,452400,26.57
2001-04-26,33.55,33.55,32.89,33.37,389900,26.39
2001-04-25,34.21,34.21,33.35,33.55,232900,26.53
2001-04-24,34.25,34.65,34.13,34.41,155500,27.21
2001-04-23,35.00,35.27,34.10,34.25,184300,27.09
2001-04-20,35.03,35.42,34.28,34.97,295900,27.66
2001-04-19,35.30,35.30,34.36,35.13,274700,27.78
2001-04-18,33.48,35.44,32.90,35.39,460400,27.99
2001-04-17,33.15,33.61,32.65,33.48,148400,26.48
2001-04-16,33.39,34.20,32.85,33.20,216800,26.26
2001-04-12,33.17,34.00,32.45,33.49,234600,26.49
2001-04-11,33.86,33.86,32.66,33.10,156400,26.18
2001-04-10,32.06,34.00,32.06,33.86,221100,26.78
2001-04-09,32.10,32.98,31.53,32.00,287000,25.31
2001-04-06,32.75,32.75,31.58,32.10,150000,25.39
2001-04-05,31.76,32.75,31.75,32.75,155300,25.90
2001-04-04,31.35,32.20,31.35,31.63,209900,25.02
2001-04-03,32.15,32.15,30.90,31.40,330800,24.83
2001-04-02,31.95,32.76,31.79,32.18,511700,25.45
2001-03-30,31.16,32.35,31.16,31.50,345700,24.91
2001-03-29,31.45,32.36,30.88,31.01,502400,24.52
2001-03-28,31.08,31.66,30.55,31.52,157600,24.93
2001-03-27,30.75,31.12,30.20,31.12,187500,24.61
2001-03-26,29.90,31.56,29.90,30.91,205000,24.45
2001-03-23,29.85,29.95,29.30,29.86,493900,23.62
2001-03-22,30.30,30.31,29.10,29.85,662000,23.61
2001-03-21,30.50,30.50,30.00,30.33,258600,23.99
2001-03-20,30.65,32.55,30.19,30.85,337300,24.40
2001-03-19,30.79,31.10,30.49,30.63,341600,24.22
2001-03-16,31.11,31.67,30.52,30.59,420900,24.19
2001-03-15,31.65,31.80,30.90,31.10,321300,24.60
2001-03-14,30.40,31.94,30.40,31.76,416500,25.12
2001-03-13,32.65,32.65,30.51,31.25,512300,24.71
2001-03-12,33.98,34.00,32.64,32.64,172600,25.81
2001-03-09,34.15,34.15,33.71,33.83,220000,26.76
2001-03-08,34.10,34.30,33.58,34.14,273200,27.00
2001-03-07,34.15,34.40,33.93,34.35,437700,27.17
2001-03-06,33.88,34.19,33.70,34.13,232900,26.99
2001-03-05,33.61,34.19,33.61,34.13,207100,26.99
2001-03-02,33.71,34.05,33.29,33.46,505900,26.46
2001-03-01,34.29,34.29,33.60,33.96,323500,26.86
2001-02-28,34.90,35.19,33.90,34.29,349000,27.12
2001-02-27,35.91,35.91,34.65,34.90,516200,27.60
2001-02-26,34.10,36.00,34.10,35.91,310200,28.40
2001-02-23,34.99,34.99,33.25,34.00,366700,26.89
2001-02-22,34.35,35.05,34.35,34.99,980700,27.67
2001-02-21,35.00,35.30,33.57,34.25,915400,27.09
2001-02-20,38.00,38.00,35.40,35.68,481800,28.13
2001-02-15,37.54,39.50,37.50,39.40,453500,31.06
2001-02-14,38.08,38.09,36.55,37.54,382100,29.60
2001-02-13,36.69,38.70,36.55,38.33,703700,30.22
2001-02-12,35.86,36.50,35.10,36.22,291800,28.56
2001-02-09,35.01,36.30,34.18,35.61,282400,28.08
2001-02-08,35.50,36.00,34.23,35.01,474100,27.60
2001-02-07,33.66,33.99,33.26,33.85,368000,26.69
2001-02-06,33.41,33.91,32.75,33.66,291700,26.54
2001-02-05,33.10,34.00,32.14,33.00,449300,26.02
2001-02-02,32.16,33.50,31.96,33.18,259100,26.16
2001-02-01,32.25,32.41,31.60,32.41,321100,25.55
2001-01-31,32.00,32.44,31.36,32.25,585000,25.43
2001-01-30,32.00,32.50,31.60,32.00,506100,25.23
2001-01-29,30.00,32.42,30.00,31.91,708500,25.16
2001-01-26,25.88,29.12,25.88,28.81,914600,22.72
2001-01-25,26.50,27.25,26.00,26.06,405800,20.55
2001-01-24,27.69,27.69,27.00,27.25,137400,21.48
2001-01-23,27.19,27.50,26.94,27.50,176000,21.68
2001-01-22,26.50,27.38,25.88,27.00,275400,21.29
2001-01-19,27.12,27.12,26.62,27.00,116900,21.29
2001-01-18,27.31,27.31,26.56,27.12,131900,21.39
2001-01-17,27.12,27.44,26.62,27.06,250400,21.34
2001-01-16,26.31,27.19,26.06,26.94,215400,21.24
2001-01-12,26.31,26.44,25.94,26.38,233200,20.79
2001-01-11,26.31,26.38,25.94,26.12,198800,20.60
2001-01-10,25.75,26.38,25.25,26.12,281500,20.60
2001-01-09,26.12,26.12,24.69,25.75,222600,20.30
2001-01-08,25.25,25.81,25.00,25.69,184300,20.25
2001-01-05,25.75,25.75,24.44,25.25,429100,19.91
2001-01-04,25.75,26.31,25.31,25.75,195600,20.30
2001-01-03,25.25,26.12,24.56,25.88,372800,20.40
2001-01-02,26.00,26.00,24.75,25.12,190900,19.81
2000-12-29,26.88,26.88,26.31,26.38,107500,20.79
2000-12-28,26.31,27.00,25.44,26.75,185300,21.09
2000-12-27,25.56,26.12,25.25,26.12,122700,20.60
2000-12-26,25.12,25.38,24.69,25.38,135000,20.01
2000-12-22,25.12,25.50,24.88,25.19,290700,19.86
2000-12-21,25.25,25.38,24.69,24.88,347200,19.61
2000-12-20,24.50,25.19,24.25,25.00,301800,19.71
2000-12-19,24.94,25.44,24.69,25.00,336100,19.71
2000-12-18,23.25,24.62,23.25,24.56,385800,19.37
2000-12-15,24.50,24.75,24.31,24.38,370800,19.22
2000-12-14,24.44,25.00,24.38,24.62,332200,19.42
2000-12-13,24.88,24.88,24.19,24.50,164200,19.32
2000-12-12,25.62,25.62,24.56,24.81,177500,19.56
2000-12-11,25.12,25.69,24.94,25.69,244800,20.25
2000-12-08,24.88,25.19,24.50,25.12,227900,19.81
2000-12-07,25.50,25.50,24.75,24.88,146900,19.61
2000-12-06,25.94,25.94,25.19,25.38,86400,20.01
2000-12-05,25.75,25.94,25.19,25.94,184800,20.45
2000-12-04,24.44,25.50,24.38,25.50,248800,20.11
2000-12-01,24.25,24.81,24.25,24.44,273200,19.27
2000-11-30,23.88,24.69,23.81,24.44,299300,19.27
2000-11-29,23.50,24.81,23.50,24.38,313200,19.22
2000-11-28,23.75,24.50,23.25,23.69,557900,18.68
2000-11-27,24.25,24.25,23.19,23.25,372900,18.33
2000-11-24,23.25,24.06,23.25,24.00,130900,18.92
2000-11-22,24.88,24.94,22.00,22.75,619800,17.94
2000-11-21,24.62,25.31,24.62,25.12,197800,19.81
2000-11-20,24.25,24.69,24.06,24.56,185900,19.28
2000-11-17,24.50,25.50,24.06,24.12,237500,18.94
2000-11-16,24.50,24.69,24.25,24.69,277500,19.38
2000-11-15,23.50,25.00,23.50,24.38,351500,19.13
2000-11-14,23.38,23.69,23.25,23.56,358400,18.49
2000-11-13,22.50,23.44,22.38,23.38,265800,18.35
2000-11-10,23.19,23.50,22.62,22.75,216100,17.86
2000-11-09,23.19,23.38,22.38,23.38,225700,18.35
2000-11-08,22.94,23.44,22.94,23.19,230100,18.20
2000-11-07,23.06,23.31,22.75,22.94,420300,18.00
2000-11-06,23.06,23.19,22.81,23.00,81100,18.05
2000-11-03,23.12,23.19,22.75,23.06,362700,18.10
2000-11-02,22.31,23.19,22.31,23.00,499400,18.05
2000-11-01,22.00,22.50,21.81,22.50,465700,17.66
2000-10-31,21.88,22.12,21.50,22.00,510600,17.27
2000-10-30,21.00,22.00,21.00,21.50,582000,16.88
2000-10-27,19.88,21.00,19.44,20.88,1208500,16.38
2000-10-26,18.75,20.12,18.75,19.81,721700,15.55
2000-10-25,19.75,19.75,18.19,18.56,1820600,14.57
2000-10-24,19.25,19.81,19.25,19.75,439400,15.50
2000-10-23,19.62,19.75,19.44,19.50,225700,15.31
2000-10-20,19.50,19.69,19.19,19.62,341000,15.40
2000-10-19,19.31,19.56,19.31,19.44,158700,15.26
2000-10-18,19.00,19.31,19.00,19.31,434400,15.16
2000-10-17,19.44,19.50,19.19,19.31,335400,15.16
2000-10-16,18.88,19.56,18.75,19.19,240200,15.06
2000-10-13,19.12,19.12,18.44,18.81,354400,14.77
2000-10-12,19.62,19.62,18.81,19.06,415200,14.96
2000-10-11,19.56,19.56,19.38,19.50,694200,15.31
2000-10-10,19.38,19.69,19.31,19.69,334800,15.45
2000-10-09,19.31,19.75,19.06,19.38,311800,15.21
2000-10-06,19.38,19.69,19.19,19.31,360100,15.16
2000-10-05,19.62,19.88,19.00,19.25,417800,15.11
2000-10-04,20.06,20.19,19.38,19.44,1237600,15.26
2000-10-03,19.00,20.00,19.00,19.56,764800,15.35
2000-10-02,18.38,19.31,18.38,18.94,714700,14.86
2000-09-29,31.50,32.00,31.19,31.69,706400,14.30
2000-09-28,31.00,31.75,30.50,31.69,245600,14.30
2000-09-27,29.62,31.25,29.62,30.94,396400,13.97
2000-09-26,29.88,29.94,28.88,29.62,231000,13.37
2000-09-25,29.81,30.38,29.81,30.00,550700,13.54
2000-09-22,29.12,29.56,29.12,29.38,411300,13.26
2000-09-21,30.50,31.38,30.38,30.38,291100,13.71
2000-09-20,31.06,31.69,31.00,31.50,361600,14.22
2000-09-19,30.94,30.94,30.38,30.62,413700,13.82
2000-09-18,33.06,33.06,30.94,30.94,553000,13.97
2000-09-15,33.00,33.88,32.94,32.94,393400,14.87
2000-09-14,34.50,35.00,33.56,33.88,209000,15.29
2000-09-13,34.69,35.00,34.56,34.62,141600,15.63
2000-09-12,35.50,35.50,34.00,34.50,296100,15.57
2000-09-11,35.00,36.06,34.50,35.81,454100,16.17
2000-09-08,36.88,36.88,34.94,35.25,344500,15.91
2000-09-07,36.94,37.19,36.75,36.88,267200,16.65
2000-09-06,37.00,37.25,36.88,37.00,651700,16.70
2000-09-05,36.94,36.94,36.56,36.94,269000,16.67
2000-09-01,36.81,36.94,36.75,36.81,139600,16.62
2000-08-31,36.88,37.19,36.62,37.00,339600,16.70
2000-08-30,36.94,37.25,36.88,36.94,102900,16.67
2000-08-29,37.31,37.31,36.94,37.03,336600,16.72
2000-08-28,37.50,37.81,37.38,37.41,359200,16.89
2000-08-25,37.44,38.31,37.31,37.69,449200,17.01
2000-08-24,37.75,37.75,36.94,37.44,284400,16.90
2000-08-23,38.25,38.31,37.38,37.72,679800,17.03
2000-08-22,37.69,38.44,37.56,38.28,311200,17.23
2000-08-21,36.31,37.44,36.31,37.22,384000,16.75
2000-08-18,36.25,37.25,36.25,37.03,359600,16.67
2000-08-17,36.69,37.19,36.69,36.78,364700,16.56
2000-08-16,36.00,37.19,36.00,36.66,706700,16.50
2000-08-15,34.50,35.88,34.38,35.53,545200,15.99
2000-08-14,33.62,34.81,33.50,34.38,633600,15.47
2000-08-11,33.06,33.50,33.00,33.50,451700,15.08
2000-08-10,33.19,34.38,32.69,32.84,291500,14.78
2000-08-09,33.88,34.50,33.06,33.09,197000,14.90
2000-08-08,33.94,33.94,33.44,33.75,110400,15.19
2000-08-07,32.69,34.00,32.56,33.94,376500,15.28
2000-08-04,32.94,33.00,32.50,32.75,89300,14.74
2000-08-03,32.62,33.25,32.38,32.88,149000,14.80
2000-08-02,32.69,33.12,32.62,32.88,107200,14.80
2000-08-01,32.00,32.81,31.81,32.81,235600,14.77
2000-07-31,32.12,32.75,31.38,32.00,224100,14.40
2000-07-28,33.12,33.19,32.12,32.12,131200,14.46
2000-07-27,33.25,33.50,32.50,33.25,245400,14.97
2000-07-26,32.25,33.50,32.06,33.50,642600,15.08
2000-07-25,30.31,31.75,30.31,31.69,369600,14.26
2000-07-24,31.50,31.50,30.25,30.81,224700,13.87
2000-07-21,31.25,31.62,31.25,31.62,75800,14.24
2000-07-20,31.44,31.81,31.31,31.38,52900,14.12
2000-07-19,32.00,32.00,31.12,31.31,105400,14.09
2000-07-18,32.06,32.12,31.75,31.81,84600,14.32
2000-07-17,32.31,32.38,31.88,32.06,220300,14.43
2000-07-14,32.06,32.50,31.94,32.31,378300,14.54
2000-07-13,30.00,32.88,30.00,31.72,589700,14.28
2000-07-12,30.50,30.56,29.75,30.12,214000,13.56
2000-07-11,29.69,30.75,29.38,30.56,202100,13.76
2000-07-10,28.69,30.25,28.69,29.62,106500,13.33
2000-07-07,30.56,30.56,28.44,28.94,340300,13.03
2000-07-06,29.12,30.62,28.56,30.62,222500,13.79
2000-07-05,28.62,29.12,28.56,28.94,211900,13.03
2000-07-03,27.50,28.44,27.50,28.38,73000,12.77
2000-06-30,29.31,29.62,26.00,27.27,403600,12.27
2000-06-29,28.25,29.50,27.12,29.25,226500,13.17
2000-06-28,28.25,28.62,28.19,28.50,225000,12.83
2000-06-27,27.81,28.69,27.81,28.12,1240100,12.66
2000-06-26,28.00,28.12,27.50,27.81,96600,12.52
2000-06-23,28.31,28.56,27.62,27.88,114600,12.55
2000-06-22,29.00,29.50,28.06,28.19,94300,12.69
2000-06-21,29.00,29.25,28.88,28.94,96300,13.03
2000-06-20,29.62,29.62,28.75,29.06,90200,13.08
2000-06-19,29.75,29.81,28.66,29.50,161900,13.28
2000-06-16,30.00,30.25,29.88,30.09,174300,13.55
2000-06-15,29.75,30.31,29.44,30.00,156900,13.50
2000-06-14,28.81,30.44,28.69,29.72,216400,13.38
2000-06-13,29.19,29.62,28.78,28.78,131900,12.96
2000-06-12,28.75,29.81,28.75,29.25,245600,13.17
2000-06-09,28.50,28.88,27.75,28.62,202700,12.88
2000-06-08,29.25,29.25,27.81,28.12,302700,12.66
2000-06-07,27.44,28.44,27.25,28.38,263600,12.77
2000-06-06,27.62,27.88,27.06,27.19,120600,12.24
2000-06-05,27.44,27.88,27.44,27.47,161500,12.36
2000-06-02,27.06,27.62,26.94,27.44,161900,12.35
2000-06-01,26.25,26.56,26.06,26.56,116700,11.96
2000-05-31,26.88,26.94,26.06,26.06,198600,11.73
2000-05-30,27.00,27.19,26.94,27.00,223700,12.15
2000-05-26,27.00,27.38,26.88,26.88,802600,12.10
2000-05-25,27.69,27.94,26.69,27.00,561700,12.15
2000-05-24,26.81,27.62,26.81,27.31,258000,12.29
2000-05-23,26.69,27.38,26.62,26.75,156900,11.99
2000-05-22,26.81,27.25,26.62,26.69,167900,11.96
2000-05-19,26.25,26.94,26.12,26.62,80000,11.94
2000-05-18,27.00,27.19,26.38,26.50,83900,11.88
2000-05-17,27.19,27.50,26.75,26.94,63900,12.08
2000-05-16,26.94,27.31,26.88,27.06,158300,12.13
2000-05-15,26.94,27.19,26.81,26.94,103800,12.08
2000-05-12,27.12,27.12,26.75,26.81,150000,12.02
2000-05-11,27.00,27.62,27.00,27.12,323700,12.16
2000-05-10,27.94,28.12,27.00,27.00,114500,12.10
2000-05-09,27.88,28.31,27.56,28.25,217500,12.66
2000-05-08,27.12,27.75,26.88,27.62,129000,12.38
2000-05-05,27.62,27.69,27.31,27.50,94700,12.33
2000-05-04,26.38,28.38,26.38,27.88,371200,12.50
2000-05-03,26.88,27.00,26.31,26.38,150800,11.82
2000-05-02,27.31,27.31,26.88,27.06,129900,12.13
2000-05-01,27.75,27.75,27.38,27.50,113800,12.33
2000-04-28,26.25,27.12,26.25,27.00,195900,12.10
2000-04-27,25.62,26.62,25.62,26.25,137400,11.77
2000-04-26,26.25,26.75,25.81,25.81,271200,11.57
2000-04-25,25.38,25.38,24.75,25.06,92800,11.23
2000-04-24,25.62,25.69,25.19,25.31,57300,11.35
2000-04-20,25.56,25.94,25.56,25.75,115500,11.54
2000-04-19,26.31,26.38,25.25,25.38,191100,11.37
2000-04-18,26.25,26.38,25.56,26.19,242000,11.74
2000-04-17,25.75,26.38,25.69,26.25,118300,11.77
2000-04-14,27.19,27.19,25.50,25.56,153600,11.46
2000-04-13,27.88,27.88,27.00,27.19,114800,12.19
2000-04-12,27.69,27.94,27.25,27.75,140000,12.44
2000-04-11,27.75,28.25,27.44,27.69,164100,12.41
2000-04-10,28.75,28.75,27.31,27.31,141300,12.24
2000-04-07,27.94,29.00,27.25,29.00,171500,13.00
2000-04-06,28.25,28.62,27.75,28.00,190500,12.55
2000-04-05,28.25,28.94,28.00,28.25,162300,12.66
2000-04-04,29.31,29.94,27.19,28.00,482300,12.55
2000-04-03,29.75,30.88,29.12,29.50,333800,13.22
2000-03-31,28.75,30.50,28.50,30.50,628200,13.67
2000-03-30,28.81,29.50,28.75,28.75,310200,12.89
2000-03-29,28.25,29.50,28.12,29.06,341400,13.03
2000-03-28,26.81,28.88,26.75,28.88,230300,12.94
2000-03-27,28.50,28.50,26.50,26.69,298900,11.96
2000-03-24,27.94,28.12,27.31,27.75,180800,12.44
2000-03-23,28.25,28.44,27.75,27.81,185700,12.47
2000-03-22,28.56,29.00,27.69,28.62,314600,12.83
2000-03-21,27.25,28.75,27.25,28.69,185200,12.86
2000-03-20,28.25,28.31,26.75,27.25,289100,12.22
2000-03-17,27.88,28.75,26.94,28.75,389000,12.89
2000-03-16,26.38,28.25,26.25,27.88,324200,12.50
2000-03-15,26.50,26.81,26.12,26.38,248800,11.82
2000-03-14,27.00,27.00,26.50,26.94,265100,12.08
2000-03-13,26.62,27.12,26.06,27.12,318600,12.16
2000-03-10,26.50,27.19,26.44,27.06,465400,12.13
2000-03-09,26.00,27.19,26.00,27.12,442700,12.16
2000-03-08,25.25,26.00,25.00,26.00,363300,11.66
2000-03-07,23.00,25.62,23.00,25.06,637900,11.23
2000-03-06,23.00,23.81,22.88,23.00,259900,10.31
2000-03-03,21.12,22.94,21.12,22.94,402000,10.28
2000-03-02,21.44,21.44,20.94,21.00,135100,9.41
2000-03-01,22.06,22.19,21.25,21.25,122500,9.53
2000-02-29,22.31,22.88,22.06,22.12,112300,9.92
2000-02-28,22.88,22.88,22.12,22.19,105500,9.95
2000-02-25,23.19,23.31,22.69,22.75,165500,10.20
2000-02-24,22.94,22.94,22.38,22.75,232500,10.20
2000-02-23,22.94,23.06,22.81,22.88,151200,10.25
2000-02-22,22.19,23.00,22.19,22.88,156000,10.20
2000-02-18,22.81,22.81,21.75,22.06,76100,9.84
2000-02-17,22.81,23.06,22.75,22.81,120700,10.18
2000-02-16,23.25,23.31,22.75,22.81,100600,10.18
2000-02-15,23.06,23.38,22.94,23.38,130100,10.43
2000-02-14,22.94,23.19,22.81,23.06,115300,10.29
2000-02-11,23.00,23.19,22.75,22.81,103300,10.18
2000-02-10,23.12,23.12,22.56,22.81,202800,10.18
2000-02-09,23.81,23.94,23.12,23.12,627600,10.32
2000-02-08,23.56,23.88,23.56,23.75,167300,10.60
2000-02-07,23.88,23.88,23.38,23.56,154900,10.51
2000-02-04,23.75,23.94,23.62,23.75,146500,10.60
2000-02-03,24.00,24.00,23.62,23.69,84400,10.57
2000-02-02,23.88,24.06,23.81,23.94,183000,10.68
2000-02-01,23.94,24.06,23.62,23.75,169600,10.60
2000-01-31,23.88,24.12,23.75,24.00,238900,10.71
2000-01-28,24.12,24.12,23.56,23.94,344700,10.68
2000-01-27,23.94,24.12,23.44,24.00,655600,10.71
2000-01-26,23.88,24.12,23.81,24.00,498600,10.71
2000-01-25,24.19,24.44,23.94,24.19,407700,10.79
2000-01-24,24.38,24.50,24.06,24.19,409500,10.79
2000-01-21,24.25,24.44,23.69,23.69,300100,10.57
2000-01-20,24.25,24.38,24.00,24.12,497100,10.76
2000-01-19,24.50,24.50,23.97,24.44,1184000,10.90
2000-01-18,23.06,24.12,23.00,24.06,529600,10.73
2000-01-14,21.38,23.81,21.31,23.00,548300,10.26
2000-01-13,20.69,21.19,20.56,21.12,163400,9.42
2000-01-12,20.62,20.94,20.56,20.62,141500,9.20
2000-01-11,20.75,20.94,20.50,20.56,93800,9.17
2000-01-10,20.25,21.25,20.06,20.81,150200,9.28
2000-01-07,20.50,20.50,20.06,20.25,196100,9.03
2000-01-06,19.94,20.38,19.81,20.38,396000,9.09
2000-01-05,19.12,20.12,19.06,19.88,217600,8.87
2000-01-04,19.81,19.81,19.19,19.38,156100,8.64
2000-01-03,20.62,20.69,19.56,19.94,130700,8.89
1999-12-31,20.31,20.50,20.19,20.38,50500,9.09
1999-12-30,20.50,20.75,20.06,20.31,86200,9.06
1999-12-29,20.19,20.75,20.06,20.69,68200,9.23
1999-12-28,19.88,20.38,19.88,20.38,64300,9.09
1999-12-27,19.75,20.00,19.69,19.88,57800,8.87
1999-12-23,19.50,20.00,19.50,19.81,66000,8.84
1999-12-22,19.69,19.88,19.56,19.62,72400,8.76
1999-12-21,19.56,19.94,19.56,19.69,62200,8.78
1999-12-20,19.62,20.00,19.62,19.69,127200,8.78
1999-12-17,19.31,20.00,19.31,19.81,131000,8.84
1999-12-16,19.31,19.62,19.31,19.56,85100,8.73
1999-12-15,19.06,19.69,19.06,19.50,88000,8.70
1999-12-14,19.06,19.69,19.00,19.06,113600,8.50
1999-12-13,18.75,19.50,18.69,19.25,119600,8.59
1999-12-10,18.50,19.25,18.50,18.69,123600,8.34
1999-12-09,18.56,18.69,18.44,18.44,137600,8.23
1999-12-08,18.25,18.62,18.00,18.56,86500,8.28
1999-12-07,18.75,18.75,17.94,18.38,164300,8.20
1999-12-06,19.00,19.00,18.50,18.75,117100,8.36
1999-12-03,19.31,19.50,19.19,19.19,86500,8.56
1999-12-02,19.44,19.44,19.19,19.25,82600,8.59
1999-12-01,18.88,19.38,18.44,19.38,127600,8.64
1999-11-30,18.38,19.12,18.38,19.06,77800,8.50
1999-11-29,18.38,18.50,18.00,18.50,142500,8.25
1999-11-26,18.69,18.75,18.50,18.56,48000,8.28
1999-11-24,19.12,19.31,18.69,18.81,98500,8.39
1999-11-23,19.44,19.50,19.00,19.06,90500,8.50
1999-11-22,19.75,20.50,19.38,19.44,233100,8.62
1999-11-19,19.38,19.38,19.06,19.31,92500,8.57
1999-11-18,19.00,19.38,19.00,19.38,106900,8.59
1999-11-17,19.00,19.31,18.94,19.00,83100,8.43
1999-11-16,19.00,19.12,18.75,19.06,131000,8.46
1999-11-15,18.50,18.75,18.25,18.75,147200,8.32
1999-11-12,18.38,18.56,18.19,18.50,209800,8.21
1999-11-11,19.00,19.31,18.75,18.88,165200,8.37
1999-11-10,18.94,19.25,18.75,18.94,79200,8.40
1999-11-09,19.44,19.44,18.75,19.00,161600,8.43
1999-11-08,18.75,19.50,18.75,19.44,226600,8.62
1999-11-05,18.81,19.00,18.31,18.88,209300,8.37
1999-11-04,18.50,18.81,18.25,18.81,168000,8.35
1999-11-03,18.62,18.69,18.19,18.50,230400,8.21
1999-11-02,18.75,19.19,18.25,18.38,276400,8.15
1999-11-01,18.69,18.94,18.56,18.75,217000,8.32
1999-10-29,19.25,19.25,18.62,18.62,213100,8.26
1999-10-28,19.25,19.38,19.06,19.19,132700,8.51
1999-10-27,19.12,19.25,18.81,19.19,154000,8.51
1999-10-26,19.50,20.00,19.00,19.38,206400,8.59
1999-10-25,20.31,20.50,20.06,20.50,94300,9.09
1999-10-22,20.81,20.81,20.31,20.31,137400,9.01
1999-10-21,21.06,21.25,20.56,20.69,92600,9.18
1999-10-20,21.12,21.25,21.06,21.06,51500,9.34
1999-10-19,21.06,21.50,21.00,21.12,89400,9.37
1999-10-18,20.75,21.25,20.75,21.00,78900,9.32
1999-10-15,21.38,21.44,20.88,20.94,87900,9.29
1999-10-14,21.88,22.00,21.38,21.38,96300,9.48
1999-10-13,22.75,22.75,21.81,21.88,46100,9.70
1999-10-12,23.06,23.06,22.69,22.81,36100,10.12
1999-10-11,22.75,23.25,22.75,23.19,105900,10.29
1999-10-08,23.06,23.25,22.69,22.75,52600,10.09
1999-10-07,22.62,23.19,22.62,23.19,47700,10.29
1999-10-06,22.94,22.94,22.62,22.62,24100,10.04
1999-10-05,23.19,23.19,22.69,22.94,53700,10.17
1999-10-04,23.06,23.44,23.06,23.06,79500,10.23
1999-10-01,23.62,23.62,22.75,23.00,92200,10.20
1999-09-30,22.12,23.94,22.12,23.75,160500,10.54
1999-09-29,22.12,22.88,22.00,22.00,203500,9.76
1999-09-28,22.25,22.31,22.06,22.19,90000,9.84
1999-09-27,21.75,22.38,21.75,22.38,351100,9.93
1999-09-24,22.25,22.25,21.62,21.62,48200,9.59
1999-09-23,22.75,22.75,22.25,22.25,103900,9.87
1999-09-22,22.69,23.19,22.69,22.88,58300,10.15
1999-09-21,22.88,22.88,22.75,22.81,87300,10.12
1999-09-20,23.31,23.31,22.81,23.00,92600,10.20
1999-09-17,23.06,23.38,23.00,23.25,80600,10.31
1999-09-16,23.50,23.50,23.00,23.06,72800,10.23
1999-09-15,23.62,23.88,23.25,23.44,99200,10.40
1999-09-14,23.50,23.88,23.25,23.69,59000,10.51
1999-09-13,23.00,23.69,23.00,23.62,95500,10.48
1999-09-10,23.50,23.50,23.00,23.12,206400,10.26
1999-09-09,23.56,23.56,23.19,23.38,41400,10.37
1999-09-08,23.25,23.75,23.19,23.44,26800,10.40
1999-09-07,23.31,23.44,22.75,23.44,83700,10.40
1999-09-03,23.19,23.56,23.19,23.44,51900,10.40
1999-09-02,23.06,23.31,22.31,23.31,88300,10.34
1999-09-01,23.12,23.12,22.88,23.00,72300,10.20
1999-08-31,23.44,23.44,22.94,23.06,45700,10.23
1999-08-30,23.75,23.75,23.38,23.38,102100,10.37
1999-08-27,23.81,24.06,23.75,23.75,65100,10.54
1999-08-26,23.88,24.12,23.81,23.81,96800,10.56
1999-08-25,23.94,24.25,23.75,23.81,96500,10.56
1999-08-24,23.75,23.88,23.69,23.81,69500,10.51
1999-08-23,23.50,23.94,23.50,23.75,54000,10.49
1999-08-20,23.12,23.50,23.12,23.50,22000,10.38
1999-08-19,23.12,23.25,23.00,23.19,22300,10.24
1999-08-18,23.31,23.38,22.69,23.00,45100,10.16
1999-08-17,23.25,23.38,22.88,23.12,33600,10.21
1999-08-16,23.38,23.50,23.12,23.31,43100,10.29
1999-08-13,23.31,23.38,23.06,23.31,23800,10.29
1999-08-12,23.44,23.44,22.94,23.12,96500,10.21
1999-08-11,23.44,23.62,23.06,23.44,70500,10.35
1999-08-10,23.88,23.88,23.19,23.44,67900,10.35
1999-08-09,24.25,24.31,23.81,23.88,58400,10.54
1999-08-06,24.62,24.62,23.88,24.12,46800,10.65
1999-08-05,23.88,24.81,23.75,24.69,125500,10.90
1999-08-04,24.44,24.44,23.81,23.88,84600,10.54
1999-08-03,24.50,24.69,24.38,24.44,81700,10.79
1999-08-02,24.50,24.75,24.25,24.25,117700,10.71
1999-07-30,24.00,24.25,23.62,24.00,104100,10.60
1999-07-29,23.75,24.19,23.62,24.12,127500,10.65
1999-07-28,24.00,25.44,23.56,23.56,319400,10.40
1999-07-27,23.25,24.00,22.56,23.88,83600,10.54
1999-07-26,23.31,23.50,22.88,22.88,68800,10.10
1999-07-23,23.50,23.56,23.12,23.19,93200,10.24
1999-07-22,23.50,23.50,22.81,23.12,134600,10.21
1999-07-21,24.38,24.38,23.81,23.88,76600,10.54
1999-07-20,24.50,24.50,24.00,24.31,55200,10.74
1999-07-19,25.00,25.00,24.31,24.31,53000,10.74
1999-07-16,25.00,25.00,24.88,25.00,41300,11.04
1999-07-15,24.88,25.00,24.88,25.00,151800,11.04
1999-07-14,24.94,25.00,24.75,24.94,54000,11.01
1999-07-13,24.44,24.94,24.44,24.75,70100,10.93
1999-07-12,25.25,25.38,24.31,24.44,78000,10.79
1999-07-09,25.00,25.25,24.88,25.19,273200,11.12
1999-07-08,24.88,25.12,24.75,25.00,151200,11.04
1999-07-07,25.12,25.12,24.81,24.94,151300,11.01
1999-07-06,24.88,25.19,24.88,25.12,151200,11.09
1999-07-02,24.50,25.31,24.50,24.88,61600,10.98
1999-07-01,24.38,24.88,24.38,24.50,99100,10.82
1999-06-30,23.75,24.38,23.62,24.19,168500,10.68
1999-06-29,23.62,23.75,23.47,23.75,54900,10.49
1999-06-28,24.00,24.06,23.50,23.50,60900,10.38
1999-06-25,23.62,24.00,23.62,23.94,87000,10.57
1999-06-24,24.31,24.44,23.62,23.62,71600,10.43
1999-06-23,24.50,24.50,24.00,24.31,45500,10.74
1999-06-22,24.38,24.69,24.38,24.50,122600,10.82
1999-06-21,24.62,24.62,24.25,24.38,56200,10.76
1999-06-18,24.38,24.69,24.38,24.50,71900,10.82
1999-06-17,24.62,24.62,24.25,24.38,80400,10.76
1999-06-16,25.00,25.00,24.38,24.62,91000,10.87
1999-06-15,24.44,24.88,24.44,24.69,145600,10.90
1999-06-14,24.38,24.62,24.19,24.44,336300,10.79
1999-06-11,24.50,24.50,24.06,24.12,60700,10.65
1999-06-10,24.31,24.69,24.31,24.50,135600,10.82
1999-06-09,24.50,24.75,24.44,24.56,132000,10.85
1999-06-08,24.50,24.69,24.44,24.50,71500,10.82
1999-06-07,24.88,24.88,24.50,24.50,76700,10.82
1999-06-04,24.81,25.12,24.69,24.81,98100,10.96
1999-06-03,25.00,25.00,24.62,24.81,60600,10.96
1999-06-02,25.12,26.06,25.00,25.06,121700,11.07
1999-06-01,23.75,25.25,23.75,25.12,348300,11.09
1999-05-28,24.44,24.50,23.62,23.62,154500,10.43
1999-05-27,24.94,24.94,24.38,24.38,111600,10.76
1999-05-26,25.25,25.25,24.62,25.00,93000,11.04
1999-05-25,25.69,25.69,25.31,25.38,44200,11.16
1999-05-24,25.94,26.00,25.56,25.56,62700,11.24
1999-05-21,25.81,26.00,25.81,26.00,58900,11.43
1999-05-20,25.94,26.38,25.75,25.81,262400,11.35
1999-05-19,25.81,26.00,25.69,25.94,66200,11.40
1999-05-18,26.06,26.06,25.56,25.75,55300,11.32
1999-05-17,26.12,26.12,25.81,25.94,146800,11.40
1999-05-14,27.00,27.00,26.00,26.00,111400,11.43
1999-05-13,27.00,27.31,26.81,27.00,71800,11.87
1999-05-12,27.56,27.69,26.69,26.88,103300,11.82
1999-05-11,27.25,27.94,27.19,27.69,77000,12.17
1999-05-10,27.38,27.88,27.00,27.00,102600,11.87
1999-05-07,27.56,27.81,27.00,27.00,102100,11.87
1999-05-06,28.12,28.19,27.12,27.38,108600,12.03
1999-05-05,28.25,28.38,27.62,28.12,71700,12.36
1999-05-04,27.81,28.31,27.81,28.06,132200,12.34
1999-05-03,27.19,28.00,26.25,27.75,79900,12.20
1999-04-30,28.12,28.31,26.94,27.00,84000,11.87
1999-04-29,27.44,28.50,27.44,28.50,136500,12.53
1999-04-28,25.62,27.50,25.62,27.44,130000,12.06
1999-04-27,26.00,26.38,25.50,25.50,75800,11.21
1999-04-26,26.00,26.19,25.81,25.94,72000,11.40
1999-04-23,26.25,26.25,25.94,26.00,35600,11.43
1999-04-22,26.75,26.75,26.00,26.12,74900,11.49
1999-04-21,26.75,26.75,26.19,26.50,87000,11.65
1999-04-20,27.31,27.56,26.81,26.81,84500,11.79
1999-04-19,26.75,27.56,26.75,27.06,112500,11.90
1999-04-16,26.00,26.50,26.00,26.50,73600,11.65
1999-04-15,26.00,26.12,25.38,26.00,152100,11.43
1999-04-14,23.06,26.12,23.06,26.00,227200,11.43
1999-04-13,23.00,23.38,23.00,23.06,128200,10.14
1999-04-12,22.38,23.19,22.38,23.00,94500,10.11
1999-04-09,22.06,22.44,22.06,22.38,77900,9.84
1999-04-08,22.25,22.25,22.00,22.12,122500,9.73
1999-04-07,22.19,22.75,21.88,22.44,174500,9.86
1999-04-06,21.88,22.19,21.88,22.19,116600,9.75
1999-04-05,21.75,22.25,21.75,21.88,83700,9.62
1999-04-01,21.31,22.00,21.31,21.75,275300,9.56
1999-03-31,21.25,21.50,21.19,21.25,471700,9.34
1999-03-30,21.88,21.88,21.00,21.25,192200,9.34
1999-03-29,22.06,22.50,21.88,22.00,121000,9.67
1999-03-26,23.00,23.00,22.12,22.12,129200,9.73
1999-03-25,22.75,23.19,22.75,23.00,201400,10.11
1999-03-24,22.00,22.75,22.00,22.75,340900,10.00
1999-03-23,22.25,22.25,21.81,21.81,354800,9.59
1999-03-22,20.19,21.62,20.19,21.50,238600,9.45
1999-03-19,20.31,20.50,19.75,19.81,183300,8.71
1999-03-18,20.94,20.94,20.31,20.56,220800,9.04
1999-03-17,21.38,21.44,20.56,20.81,186900,9.15
1999-03-16,21.00,21.50,21.00,21.25,150300,9.34
1999-03-15,21.81,21.81,20.94,20.94,159900,9.20
1999-03-12,22.25,22.44,21.81,21.81,161400,9.59
1999-03-11,22.50,22.62,21.75,22.06,165700,9.70
1999-03-10,22.00,22.75,21.94,22.50,132100,9.89
1999-03-09,20.75,21.81,20.75,21.81,281500,9.59
1999-03-08,22.50,22.88,21.62,21.75,165100,9.56
1999-03-05,22.75,22.84,22.38,22.50,143600,9.89
1999-03-04,22.19,23.06,22.12,22.56,212300,9.92
1999-03-03,24.88,24.94,22.00,22.00,396400,9.67
1999-03-02,25.00,25.19,24.88,24.94,119300,10.96
1999-03-01,25.12,25.50,24.88,24.88,116500,10.94
1999-02-26,24.38,25.19,24.38,25.19,95200,11.07
1999-02-25,24.31,24.44,24.06,24.31,193600,10.69
1999-02-24,24.88,24.94,24.31,24.38,152900,10.72
1999-02-23,26.25,26.25,25.00,25.00,104200,10.94
1999-02-22,24.94,25.81,24.81,25.75,151900,11.27
1999-02-19,25.19,25.19,24.69,24.69,74500,10.81
1999-02-18,25.38,25.44,25.00,25.19,40000,11.02
1999-02-17,25.31,25.69,25.19,25.38,92900,11.11
1999-02-16,26.25,26.25,24.88,25.31,101800,11.08
1999-02-12,26.00,26.38,26.00,26.25,84700,11.49
1999-02-11,26.44,26.62,26.00,26.25,67400,11.49
1999-02-10,26.50,26.62,26.19,26.44,54700,11.57
1999-02-09,26.12,26.50,26.12,26.50,75900,11.60
1999-02-08,26.19,26.31,26.12,26.12,115300,11.43
1999-02-05,26.50,26.50,26.06,26.19,95600,11.46
1999-02-04,26.38,26.50,26.06,26.44,56400,11.57
1999-02-03,26.50,26.50,26.12,26.38,74600,11.54
1999-02-02,26.25,26.62,26.25,26.50,255700,11.60
1999-02-01,25.38,26.25,25.38,26.25,176900,11.49
1999-01-29,24.50,25.25,24.50,25.12,105700,11.00
1999-01-28,25.50,25.50,24.50,24.50,174200,10.72
1999-01-27,25.12,25.31,25.00,25.00,36900,10.94
1999-01-26,25.62,26.00,25.12,25.12,64500,11.00
1999-01-25,25.81,26.19,25.62,25.62,126300,11.22
1999-01-22,26.44,26.50,25.69,25.81,36100,11.30
1999-01-21,26.44,26.75,26.31,26.44,86000,11.57
1999-01-20,27.00,27.00,26.31,26.44,40400,11.57
1999-01-19,27.00,27.06,26.38,27.06,117400,11.85
1999-01-15,27.12,27.19,26.94,26.94,74300,11.79
1999-01-14,27.50,27.50,26.94,27.00,62600,11.82
1999-01-13,27.44,27.75,27.31,27.44,87000,12.01
1999-01-12,27.62,28.31,27.44,27.69,173700,12.12
1999-01-11,28.38,28.75,26.88,27.62,337400,12.09
1999-01-08,28.44,28.81,28.12,28.25,71000,12.36
1999-01-07,29.50,29.50,28.38,28.38,81400,12.42
1999-01-06,29.06,29.56,28.88,29.56,95200,12.94
1999-01-05,29.12,29.44,29.00,29.06,140100,12.72
1999-01-04,27.94,29.81,27.94,29.25,221300,12.80
1998-12-31,26.50,27.94,26.50,27.94,128500,12.23
1998-12-30,26.56,26.81,26.50,26.56,325300,11.63
1998-12-29,26.50,26.62,26.31,26.50,95600,11.60
1998-12-28,26.62,26.62,26.19,26.50,109500,11.60
1998-12-24,26.62,26.75,26.50,26.62,71100,11.65
1998-12-23,26.94,27.00,26.56,26.56,89500,11.63
1998-12-22,27.19,27.19,26.38,26.75,284100,11.71
1998-12-21,26.88,27.31,26.75,27.31,267300,11.95
1998-12-18,27.06,27.12,26.88,26.88,210800,11.76
1998-12-17,27.69,27.69,27.44,27.56,155900,12.06
1998-12-16,28.00,28.00,27.50,27.81,184000,12.17
1998-12-15,28.44,28.44,27.81,28.00,167400,12.26
1998-12-14,29.06,29.06,28.38,28.38,167500,12.42
1998-12-11,29.38,29.38,28.81,28.94,80700,12.67
1998-12-10,29.62,29.88,29.44,29.50,42300,12.91
1998-12-09,30.19,30.38,29.50,29.62,842600,12.97
1998-12-08,30.75,30.75,30.38,30.44,22300,13.32
1998-12-07,29.62,31.00,29.56,31.00,130900,13.57
1998-12-04,29.50,29.62,29.50,29.62,247700,12.97
1998-12-03,30.00,30.00,29.44,29.44,186800,12.88
1998-12-02,30.00,30.19,29.75,30.00,95500,13.13
1998-12-01,30.38,30.38,30.00,30.00,97000,13.13
1998-11-30,31.06,31.19,30.12,30.12,75700,13.19
1998-11-27,31.50,31.62,30.94,31.06,8100,13.60
1998-11-25,31.19,31.38,30.81,31.38,45300,13.73
1998-11-24,31.19,31.56,31.06,31.44,58500,13.76
1998-11-23,31.50,31.62,30.94,31.31,159700,13.66
1998-11-20,31.00,31.69,31.00,31.44,64000,13.71
1998-11-19,30.75,30.81,30.56,30.75,59400,13.41
1998-11-18,30.31,30.81,30.12,30.81,58300,13.44
1998-11-17,30.00,30.44,29.81,30.44,139400,13.28
1998-11-16,29.94,30.50,29.75,29.94,121400,13.06
1998-11-13,29.19,29.94,29.06,29.94,115300,13.06
1998-11-12,29.12,29.19,29.00,29.06,139400,12.68
1998-11-11,29.44,29.44,29.00,29.12,44800,12.70
1998-11-10,30.00,30.00,29.69,29.69,16700,12.95
1998-11-09,29.88,30.69,29.75,30.12,83700,13.14
1998-11-06,29.69,29.88,29.31,29.88,42700,13.03
1998-11-05,29.56,30.00,29.50,29.81,41800,13.00
1998-11-04,30.38,30.75,29.38,29.50,58700,12.87
1998-11-03,28.88,30.69,28.75,30.38,70100,13.25
1998-11-02,28.31,29.25,28.31,29.12,75200,12.70
1998-10-30,28.12,28.50,27.75,28.06,154100,12.24
1998-10-29,28.00,28.25,27.88,28.12,124900,12.27
1998-10-28,28.12,28.12,27.81,27.88,169900,12.16
1998-10-27,28.44,28.44,28.00,28.12,56500,12.27
1998-10-26,27.94,28.44,27.62,28.44,63000,12.40
1998-10-23,28.31,28.56,28.12,28.12,220200,12.27
1998-10-22,27.62,29.00,27.62,28.31,98700,12.35
1998-10-21,27.81,28.12,27.19,27.62,82700,12.05
1998-10-20,26.94,28.00,26.88,27.81,84300,12.13
1998-10-19,26.44,26.56,26.25,26.44,66800,11.53
1998-10-16,26.19,26.69,26.19,26.38,39600,11.50
1998-10-15,24.56,26.12,24.56,26.06,155900,11.37
1998-10-14,24.06,24.75,24.06,24.56,28600,10.71
1998-10-13,24.31,24.69,24.00,24.00,69800,10.47
1998-10-12,23.12,24.62,23.12,24.19,52300,10.55
1998-10-09,23.00,23.12,22.62,23.12,131400,10.09
1998-10-08,23.50,23.50,22.88,23.00,88100,10.03
1998-10-07,23.38,23.56,23.25,23.50,97800,10.25
1998-10-06,23.81,24.06,23.44,23.50,106400,10.25
1998-10-05,24.19,24.19,23.50,23.69,192500,10.33
1998-10-02,25.06,25.25,24.12,24.19,71900,10.55
1998-10-01,25.00,25.44,25.00,25.06,50900,10.93
1998-09-30,25.06,25.31,24.94,24.94,593900,10.88
1998-09-29,25.44,25.62,25.00,25.06,264500,10.93
1998-09-28,25.00,25.88,25.00,25.56,149600,11.15
1998-09-25,24.81,25.00,24.81,25.00,99900,10.90
1998-09-24,24.88,25.06,24.81,24.81,42100,10.82
1998-09-23,24.38,25.19,24.38,24.94,214800,10.88
1998-09-22,24.00,24.44,24.00,24.38,38600,10.63
1998-09-21,23.56,24.00,23.56,24.00,27600,10.47
1998-09-18,23.81,23.94,23.25,23.81,126900,10.39
1998-09-17,24.31,24.31,23.31,24.00,75800,10.47
1998-09-16,24.19,24.69,24.19,24.56,47300,10.71
1998-09-15,24.12,24.25,23.84,24.25,143200,10.58
1998-09-14,23.69,24.44,23.69,24.25,73700,10.58
1998-09-11,23.31,23.56,23.31,23.31,112600,10.17
1998-09-10,23.44,23.44,23.25,23.31,98700,10.17
1998-09-09,23.56,23.69,23.44,23.69,93300,10.33
1998-09-08,22.69,23.62,22.69,23.56,85200,10.28
1998-09-04,22.38,22.69,22.00,22.31,69000,9.73
1998-09-03,22.62,22.62,22.25,22.38,31500,9.76
1998-09-02,22.19,22.81,22.19,22.69,57000,9.90
1998-09-01,21.75,22.56,21.75,22.19,149900,9.68
1998-08-31,22.25,22.75,21.75,21.75,106500,9.49
1998-08-28,23.31,23.50,22.12,22.12,73100,9.65
1998-08-27,23.69,24.06,23.00,23.06,184600,10.06
1998-08-26,23.81,23.81,23.56,23.69,69400,10.33
1998-08-25,24.25,24.50,23.88,23.94,223100,10.39
1998-08-24,23.75,24.75,23.75,24.25,418000,10.53
1998-08-21,24.50,24.50,23.56,24.12,87100,10.47
1998-08-20,24.88,24.94,23.94,24.50,270500,10.64
1998-08-19,25.62,25.62,24.56,24.88,95800,10.80
1998-08-18,25.50,25.81,25.50,25.62,56800,11.13
1998-08-17,24.62,25.25,24.62,25.25,108000,10.96
1998-08-14,25.62,25.69,24.62,24.62,50500,10.69
1998-08-13,26.25,26.38,25.50,25.62,61600,11.13
1998-08-12,25.44,26.50,25.44,26.25,73600,11.40
1998-08-11,26.75,26.75,25.06,25.19,59400,10.94
1998-08-10,26.62,26.81,26.50,26.75,94400,11.61
1998-08-07,26.38,26.69,26.12,26.56,100000,11.53
1998-08-06,25.88,25.88,25.38,25.69,79200,11.15
1998-08-05,25.69,26.00,25.44,25.88,127700,11.23
1998-08-04,26.31,26.31,24.94,25.44,118400,11.04
1998-08-03,27.12,27.19,26.06,26.12,125600,11.34
1998-07-31,27.25,27.38,27.00,27.19,98900,11.80
1998-07-30,27.19,27.31,26.94,27.12,138700,11.78
1998-07-29,27.12,27.25,27.00,27.00,82500,11.72
1998-07-28,28.56,28.62,26.94,27.00,235400,11.72
1998-07-27,27.81,28.75,26.75,28.56,207500,12.40
1998-07-24,31.06,31.12,27.56,27.75,329900,12.05
1998-07-23,32.06,32.44,31.25,31.31,65700,13.59
1998-07-22,32.56,32.56,32.12,32.19,35400,13.97
1998-07-21,32.81,32.88,32.31,32.56,32900,14.14
1998-07-20,32.75,33.31,32.75,32.81,70700,14.25
1998-07-17,32.38,32.62,31.88,32.62,60100,14.16
1998-07-16,32.00,32.12,31.75,32.12,185500,13.95
1998-07-15,32.25,32.25,31.81,31.94,34400,13.87
1998-07-14,32.25,32.62,32.12,32.25,94000,14.00
1998-07-13,32.69,32.69,32.19,32.19,100100,13.97
1998-07-10,32.56,32.88,32.50,32.69,60600,14.19
1998-07-09,32.94,32.94,32.50,32.56,86400,14.14
1998-07-08,33.12,33.12,32.81,32.94,85600,14.30
1998-07-07,32.94,33.12,32.44,33.12,166500,14.38
1998-07-06,33.00,33.06,32.75,32.94,110200,14.30
1998-07-02,32.81,33.38,32.81,33.25,96800,14.44
1998-07-01,32.56,32.94,32.56,32.94,69500,14.30
1998-06-30,32.12,32.50,32.12,32.38,43100,14.06
1998-06-29,32.25,32.94,32.12,32.38,76600,14.06
1998-06-26,31.62,32.75,31.56,32.19,88000,13.97
1998-06-25,31.25,31.75,31.12,31.50,97000,13.68
1998-06-24,31.94,31.94,31.06,31.19,63500,13.54
1998-06-23,31.56,31.94,31.56,31.75,83700,13.78
1998-06-22,31.56,31.69,31.56,31.56,18100,13.70
1998-06-19,31.69,31.88,31.44,31.44,65500,13.65
1998-06-18,32.62,32.62,32.12,32.19,36200,13.97
1998-06-17,32.62,32.94,32.56,32.62,74100,14.16
1998-06-16,31.62,32.44,31.62,32.44,108100,14.08
1998-06-15,32.44,32.44,31.25,31.62,181900,13.73
1998-06-12,32.56,32.56,32.00,32.44,71600,14.08
1998-06-11,33.38,33.44,32.50,32.62,38700,14.16
1998-06-10,33.50,34.31,33.38,33.38,73600,14.49
1998-06-09,33.56,33.56,33.31,33.56,176800,14.57
1998-06-08,34.06,34.06,33.69,33.81,78900,14.68
1998-06-05,33.75,34.25,33.75,33.94,105200,14.73
1998-06-04,33.69,34.12,33.50,33.62,62600,14.60
1998-06-03,34.00,34.06,33.56,33.56,26800,14.57
1998-06-02,33.38,34.31,33.38,33.94,133900,14.73
1998-06-01,33.50,34.00,33.50,33.50,64100,14.54
1998-05-29,33.75,33.94,33.31,33.31,45800,14.46
1998-05-28,33.25,33.75,33.25,33.75,120300,14.65
1998-05-27,33.19,33.38,33.00,33.31,170200,14.46
1998-05-26,34.00,34.12,33.31,33.31,33100,14.41
1998-05-22,34.31,34.31,33.88,34.00,94700,14.71
1998-05-21,34.19,34.62,34.19,34.31,75700,14.85
1998-05-20,34.00,34.19,33.75,34.06,50200,14.74
1998-05-19,34.44,34.50,33.94,34.00,98500,14.71
1998-05-18,35.19,35.19,34.19,34.44,59400,14.90
1998-05-15,35.25,35.50,35.06,35.19,135300,15.23
1998-05-14,35.56,35.56,35.06,35.12,42500,15.20
1998-05-13,35.94,35.94,35.38,35.44,29700,15.33
1998-05-12,35.88,36.00,35.44,35.69,38000,15.44
1998-05-11,35.06,35.75,35.06,35.62,50100,15.42
1998-05-08,35.31,35.44,34.50,35.06,391200,15.17
1998-05-07,35.69,35.69,34.94,35.31,66100,15.28
1998-05-06,36.06,36.06,35.25,35.69,40500,15.44
1998-05-05,36.19,36.25,35.75,35.94,77100,15.55
1998-05-04,36.25,36.44,36.12,36.44,144700,15.77
1998-05-01,36.00,36.19,35.88,36.19,95600,15.66
1998-04-30,35.50,36.31,35.38,35.94,186300,15.55
1998-04-29,36.25,36.25,35.50,35.56,317400,15.39
1998-04-28,36.19,36.44,36.19,36.25,52400,15.69
1998-04-27,36.56,36.56,36.19,36.19,72000,15.66
1998-04-24,37.00,37.00,36.62,36.75,242900,15.90
1998-04-23,36.69,37.12,36.69,37.06,207300,16.04
1998-04-22,36.88,37.12,36.62,36.69,352900,15.88
1998-04-21,36.19,37.00,35.94,36.88,222400,15.96
1998-04-20,36.75,36.75,36.06,36.19,100300,15.66
1998-04-17,37.00,37.00,36.69,36.69,131100,15.88
1998-04-16,37.44,37.44,36.94,37.06,62600,16.04
1998-04-15,37.25,37.50,37.00,37.44,94000,16.20
1998-04-14,37.06,37.38,36.81,37.25,175300,16.12
1998-04-13,36.81,37.19,36.75,37.06,90500,16.04
1998-04-09,36.94,37.25,36.75,36.94,277300,15.98
1998-04-08,37.00,37.19,36.56,36.81,474300,15.93
1998-04-07,37.81,37.81,37.25,37.25,467200,16.12
1998-04-06,38.38,38.44,37.69,37.94,357400,16.42
1998-04-03,38.50,38.81,38.06,38.25,127900,16.55
1998-04-02,38.19,38.50,38.12,38.50,118500,16.66
1998-04-01,37.25,38.56,37.25,38.25,164100,16.55
1998-03-31,38.19,38.75,36.75,36.88,231800,15.96
1998-03-30,38.75,38.81,38.12,38.19,121300,16.52
1998-03-27,38.50,39.94,38.31,38.88,365100,16.82
1998-03-26,38.00,38.25,37.50,38.25,181600,16.55
1998-03-25,38.00,38.44,37.88,37.94,62900,16.42
1998-03-24,38.19,38.31,37.44,37.81,119000,16.36
1998-03-23,37.50,38.38,37.38,38.00,194600,16.44
1998-03-20,37.19,37.75,37.06,37.75,203300,16.34
1998-03-19,36.88,37.75,36.81,37.19,156600,16.09
1998-03-18,37.12,37.50,36.69,36.88,67100,15.96
1998-03-17,37.44,37.62,36.50,37.00,102000,16.01
1998-03-16,37.00,37.69,37.00,37.38,122100,16.17
1998-03-13,36.12,36.88,35.94,36.81,251100,15.93
1998-03-12,37.19,37.19,36.69,36.75,84000,15.90
1998-03-11,37.88,37.94,37.06,37.06,60600,16.04
1998-03-10,37.00,38.25,36.94,38.00,97000,16.44
1998-03-09,37.81,37.81,37.00,37.12,105300,16.06
1998-03-06,36.75,38.38,36.06,37.88,212900,16.39
1998-03-05,36.50,36.88,36.00,36.28,138400,15.70
1998-03-04,36.44,36.81,35.94,36.75,218700,15.90
1998-03-03,36.19,36.94,36.19,36.50,148100,15.79
1998-03-02,35.12,36.19,34.50,36.19,296100,15.66
1998-02-27,34.31,36.69,34.31,35.25,323400,15.25
1998-02-26,32.62,34.50,32.62,34.19,132000,14.79
1998-02-25,32.25,32.81,32.25,32.62,92700,14.12
1998-02-24,32.88,33.00,32.38,32.44,80700,13.99
1998-02-23,32.44,33.25,32.44,32.62,66600,14.07
1998-02-20,31.56,32.75,31.25,32.44,73900,13.99
1998-02-19,32.25,32.38,31.62,31.69,75600,13.67
1998-02-18,31.06,31.94,31.06,31.75,155800,13.70
1998-02-17,31.25,31.56,31.00,31.12,110600,13.43
1998-02-13,31.38,31.50,31.19,31.25,30400,13.48
1998-02-12,31.75,31.75,31.00,31.50,118000,13.59
1998-02-11,31.94,32.56,31.56,31.56,80500,13.62
1998-02-10,31.00,31.94,31.00,31.75,117800,13.70
1998-02-09,31.12,31.12,31.00,31.06,165600,13.40
1998-02-06,31.62,31.62,31.00,31.00,139900,13.37
1998-02-05,30.38,32.88,30.38,32.00,281900,13.80
1998-02-04,29.69,30.50,29.62,30.12,178400,13.00
1998-02-03,29.00,29.56,28.94,29.56,162300,12.75
1998-02-02,28.50,29.00,28.25,29.00,135500,12.51
1998-01-30,28.25,28.44,28.19,28.25,69900,12.19
1998-01-29,28.19,28.38,28.00,28.00,53400,12.08
1998-01-28,28.06,28.69,28.00,28.31,63800,12.21
1998-01-27,27.50,28.38,27.50,28.06,60600,12.11
1998-01-26,27.88,27.94,27.38,27.56,59000,11.89
1998-01-23,27.06,28.25,27.06,27.94,150800,12.05
1998-01-22,26.94,27.06,26.88,26.88,46600,11.59
1998-01-21,27.00,27.06,26.81,26.94,116800,11.62
1998-01-20,26.81,27.06,26.81,27.06,67900,11.67
1998-01-16,26.62,26.88,26.62,26.81,58100,11.57
1998-01-15,26.31,26.38,26.12,26.38,48700,11.38
1998-01-14,25.94,26.25,25.94,26.06,61600,11.24
1998-01-13,25.75,26.12,25.62,25.94,29700,11.19
1998-01-12,25.50,25.75,25.25,25.50,48400,11.00
1998-01-09,26.25,26.25,25.69,25.75,81400,11.11
1998-01-08,26.56,26.56,26.06,26.44,143900,11.40
1998-01-07,26.75,26.75,26.06,26.62,133800,11.49
1998-01-06,27.62,27.62,26.81,26.88,67300,11.59
1998-01-05,27.06,27.62,27.06,27.62,122400,11.92
1998-01-02,27.69,27.69,27.00,27.06,77000,11.67
1997-12-31,28.06,28.19,27.62,27.62,54200,11.92
1997-12-30,27.00,28.19,26.88,28.00,136900,12.08
1997-12-29,27.50,27.62,26.94,26.94,163700,11.62
1997-12-26,27.69,27.69,27.44,27.44,41500,11.84
1997-12-24,27.88,27.94,27.69,27.75,99400,11.97
1997-12-23,27.69,27.88,27.38,27.81,109800,12.00
1997-12-22,26.19,27.56,26.19,27.56,181000,11.89
1997-12-19,27.25,27.31,26.19,26.38,208100,11.38
1997-12-18,27.19,27.38,27.00,27.25,79700,11.76
1997-12-17,27.44,27.44,27.12,27.19,116200,11.73
1997-12-16,27.50,27.50,27.00,27.31,82200,11.78
1997-12-15,27.31,28.12,27.31,27.88,200500,12.02
1997-12-12,26.75,27.19,26.50,27.12,50100,11.70
1997-12-11,26.88,26.88,26.50,26.69,73900,11.51
1997-12-10,26.62,26.88,26.50,26.88,106000,11.59
1997-12-09,27.69,27.69,26.62,26.62,87500,11.49
1997-12-08,27.31,27.56,27.19,27.56,59900,11.89
1997-12-05,27.75,27.88,27.25,27.25,58700,11.76
1997-12-04,27.12,28.00,27.12,27.75,170200,11.97
1997-12-03,26.94,26.94,26.44,26.94,104000,11.62
1997-12-02,26.38,26.94,26.38,26.88,138000,11.59
1997-12-01,26.38,26.50,26.12,26.31,152100,11.35
1997-11-28,26.38,26.38,26.19,26.19,62000,11.30
1997-11-26,26.25,26.62,26.25,26.38,94400,11.38
1997-11-25,26.12,26.38,26.12,26.25,184000,11.32
1997-11-24,26.25,26.62,26.25,26.25,81500,11.28
1997-11-21,26.38,26.62,26.25,26.25,167300,11.28
1997-11-20,25.88,26.50,25.88,26.31,134800,11.31
1997-11-19,26.00,26.25,25.94,25.94,223000,11.15
1997-11-18,26.12,26.38,26.00,26.00,247100,11.17
1997-11-17,25.12,26.25,25.12,26.06,88900,11.20
1997-11-14,24.62,25.31,24.62,25.31,123200,10.88
1997-11-13,25.00,25.00,24.44,24.50,144900,10.53
1997-11-12,24.88,25.12,24.88,25.00,70500,10.74
1997-11-11,25.56,25.56,25.00,25.06,71400,10.77
1997-11-10,25.25,25.56,25.00,25.56,70200,10.99
1997-11-07,25.81,25.81,24.75,25.19,177200,10.82
1997-11-06,25.56,26.19,25.50,25.94,154300,11.15
1997-11-05,25.38,25.69,25.38,25.56,65100,10.99
1997-11-04,25.00,25.44,25.00,25.31,76300,10.88
1997-11-03,24.75,25.12,24.75,24.94,102600,10.72
1997-10-31,24.00,24.56,24.00,24.56,201000,10.56
1997-10-30,23.62,24.00,23.62,23.88,75700,10.26
1997-10-29,24.06,24.50,23.94,24.12,376500,10.37
1997-10-28,24.06,24.06,23.62,24.06,237800,10.34
1997-10-27,24.88,25.00,24.44,24.44,93100,10.50
1997-10-24,24.62,25.12,24.12,25.00,215000,10.74
1997-10-23,25.06,25.06,23.88,24.44,199100,10.50
1997-10-22,25.31,25.38,25.00,25.25,287700,10.85
1997-10-21,25.44,25.62,25.25,25.56,102300,10.99
1997-10-20,25.44,25.44,25.19,25.38,129000,10.90
1997-10-17,25.31,25.62,25.19,25.19,102900,10.82
1997-10-16,25.75,25.94,25.38,25.38,109500,10.90
1997-10-15,25.88,26.06,25.88,25.94,88000,11.15
1997-10-14,26.19,26.25,25.88,25.88,27700,11.12
1997-10-13,26.31,26.44,26.00,26.19,72800,11.25
1997-10-10,26.75,26.75,26.25,26.31,139000,11.31
1997-10-09,26.00,27.00,26.00,26.75,163300,11.50
1997-10-08,26.44,26.44,26.06,26.06,72100,11.20
1997-10-07,26.38,26.44,26.25,26.38,71000,11.33
1997-10-06,26.69,26.88,26.12,26.25,71700,11.28
1997-10-03,26.50,26.75,26.50,26.56,99200,11.42
1997-10-02,26.88,26.94,26.38,26.44,89600,11.36
1997-10-01,27.00,27.19,26.56,26.75,111500,11.50
1997-09-30,26.25,27.00,26.25,26.94,106200,11.58
1997-09-29,26.81,26.81,26.06,26.06,133600,11.20
1997-09-26,26.38,27.06,26.38,26.69,175100,11.47
1997-09-25,26.00,26.44,25.81,26.38,97500,11.33
1997-09-24,26.19,26.19,25.75,25.94,200400,11.15
1997-09-23,27.12,27.12,26.38,26.44,23600,11.36
1997-09-22,27.38,27.38,27.12,27.12,68400,11.66
1997-09-19,27.88,27.88,27.44,27.44,109900,11.79
1997-09-18,27.88,27.88,27.50,27.81,73600,11.95
1997-09-17,27.25,27.62,27.25,27.62,43000,11.87
1997-09-16,26.69,27.44,26.69,27.31,81200,11.74
1997-09-15,27.00,27.12,26.69,26.94,99800,11.58
1997-09-12,26.75,26.88,26.38,26.88,120300,11.55
1997-09-11,26.69,26.75,25.88,26.69,115800,11.47
1997-09-10,27.19,27.22,26.69,26.75,74200,11.50
1997-09-09,27.06,27.25,27.06,27.19,79300,11.68
1997-09-08,27.06,27.19,26.88,27.12,110900,11.66
1997-09-05,26.56,26.88,26.56,26.88,85100,11.55
1997-09-04,27.00,27.00,26.56,26.56,41100,11.42
1997-09-03,27.62,27.88,26.94,27.00,118400,11.60
1997-09-02,27.75,28.12,27.75,27.75,89700,11.93
1997-08-29,27.19,27.38,27.06,27.38,50700,11.76
1997-08-28,27.19,27.19,27.06,27.12,56200,11.66
1997-08-27,27.00,27.25,27.00,27.19,81500,11.68
1997-08-26,26.50,27.12,26.50,27.06,71500,11.59
1997-08-25,26.75,26.81,26.31,26.56,88200,11.37
1997-08-22,26.94,27.00,26.38,26.75,79000,11.45
1997-08-21,27.44,27.44,26.88,27.19,77100,11.64
1997-08-20,27.25,27.50,27.25,27.50,94000,11.77
1997-08-19,26.81,27.25,26.75,27.06,238500,11.59
1997-08-18,27.12,27.12,26.88,26.94,77800,11.53
1997-08-15,27.69,27.69,26.81,27.00,138900,11.56
1997-08-14,28.88,29.12,28.06,28.06,267500,12.02
1997-08-13,28.38,28.88,28.38,28.88,49900,12.36
1997-08-12,28.50,28.56,28.38,28.50,31600,12.20
1997-08-11,28.19,28.56,28.19,28.56,50700,12.23
1997-08-08,28.75,28.81,27.56,28.06,166700,12.02
1997-08-07,29.12,29.25,28.75,28.88,93300,12.36
1997-08-06,28.69,29.12,28.56,29.12,74400,12.47
1997-08-05,28.75,28.81,28.56,28.69,53600,12.28
1997-08-04,28.62,28.88,28.56,28.81,55400,12.34
1997-08-01,28.69,28.69,28.25,28.69,169300,12.28
1997-07-31,28.69,28.69,28.06,28.31,127800,12.12
1997-07-30,27.50,28.56,27.44,28.56,396600,12.23
1997-07-29,28.00,28.25,27.44,27.62,239500,11.83
1997-07-28,27.12,27.88,27.12,27.81,115400,11.91
1997-07-25,27.25,27.62,27.12,27.12,406500,11.61
1997-07-24,27.62,27.75,27.31,27.31,108900,11.69
1997-07-23,27.06,27.62,27.00,27.62,152400,11.83
1997-07-22,26.75,27.25,26.75,27.19,172100,11.64
1997-07-21,27.56,27.56,27.00,27.00,54400,11.56
1997-07-18,27.94,27.94,27.50,27.62,64900,11.83
1997-07-17,28.06,28.06,27.69,27.94,102100,11.96
1997-07-16,27.88,28.25,27.88,28.06,87400,12.02
1997-07-15,27.31,27.94,27.31,27.88,160300,11.93
1997-07-14,27.81,27.81,27.44,27.56,104000,11.80
1997-07-11,27.38,27.81,27.25,27.81,66200,11.91
1997-07-10,27.50,27.62,27.19,27.38,90100,11.72
1997-07-09,27.75,27.75,27.31,27.38,135500,11.72
1997-07-08,28.00,28.00,27.50,27.75,94300,11.88
1997-07-07,28.12,28.62,27.88,27.88,138500,11.93
1997-07-03,28.00,28.00,27.88,28.00,54300,11.99
1997-07-02,28.00,28.12,27.88,28.00,160000,11.99
1997-07-01,28.12,28.12,27.81,28.00,150300,11.99
1997-06-30,28.00,28.56,27.88,28.38,241100,12.15
1997-06-27,27.25,28.00,27.25,27.81,192400,11.91
1997-06-26,27.00,27.16,26.75,27.00,78700,11.56
1997-06-25,27.62,27.62,26.88,26.94,52000,11.53
1997-06-24,27.62,27.88,27.50,27.75,127000,11.88
1997-06-23,27.50,27.88,27.50,27.75,101400,11.88
1997-06-20,27.50,27.62,27.38,27.62,105200,11.83
1997-06-19,27.12,27.75,27.12,27.50,147600,11.77
1997-06-18,26.50,27.00,26.38,27.00,88700,11.56
1997-06-17,26.38,26.50,26.25,26.50,50800,11.35
1997-06-16,26.38,26.38,25.88,26.38,55300,11.29
1997-06-13,26.00,26.38,26.00,26.38,74800,11.29
1997-06-12,25.62,26.00,25.62,26.00,52400,11.13
1997-06-11,25.62,26.00,25.62,25.75,51100,11.02
1997-06-10,25.12,25.62,25.12,25.62,114800,10.97
1997-06-09,25.25,25.38,25.12,25.25,125300,10.81
1997-06-06,25.50,25.50,25.25,25.38,69200,10.86
1997-06-05,25.62,25.75,25.38,25.62,58500,10.97
1997-06-04,25.25,25.75,25.25,25.50,71300,10.92
1997-06-03,25.88,25.88,25.12,25.12,129000,10.76
1997-06-02,25.62,26.25,25.62,26.25,135200,11.24
1997-05-30,25.00,25.62,24.75,25.62,198600,10.97
1997-05-29,25.00,25.38,25.00,25.25,114500,10.81
1997-05-28,25.00,25.12,25.00,25.00,213400,10.70
1997-05-27,25.00,25.12,25.00,25.00,76600,10.66
1997-05-23,25.12,25.25,25.00,25.25,79300,10.77
1997-05-22,25.00,25.12,25.00,25.00,74300,10.66
1997-05-21,25.00,25.00,24.75,24.75,69600,10.55
1997-05-20,25.12,25.12,25.00,25.12,65800,10.71
1997-05-19,24.62,25.12,24.62,25.12,135400,10.71
1997-05-16,24.62,24.62,24.50,24.62,53800,10.50
1997-05-15,24.62,24.62,24.12,24.62,41600,10.50
1997-05-14,24.50,24.62,24.50,24.62,100900,10.50
1997-05-13,24.50,24.62,24.50,24.62,37400,10.50
1997-05-12,24.12,24.62,24.12,24.50,133700,10.45
1997-05-09,23.75,24.38,23.75,24.25,123800,10.34
1997-05-08,23.38,24.12,23.12,23.88,139500,10.18
1997-05-07,23.25,23.88,23.12,23.62,154300,10.07
1997-05-06,23.12,23.75,23.00,23.50,220300,10.02
1997-05-05,22.62,23.25,22.50,23.25,312600,9.91
1997-05-02,22.38,22.75,22.38,22.62,111600,9.65
1997-05-01,22.12,22.25,21.88,22.12,149600,9.44
1997-04-30,22.00,22.12,21.50,22.00,228500,9.38
1997-04-29,22.00,22.00,21.75,21.88,442100,9.33
1997-04-28,22.25,22.25,21.88,22.00,112700,9.38
1997-04-25,23.00,23.00,21.75,22.12,141800,9.44
1997-04-24,23.38,23.50,23.00,23.25,205100,9.91
1997-04-23,24.25,24.25,23.62,23.75,134000,10.13
1997-04-22,24.25,24.38,24.25,24.25,72600,10.34
1997-04-21,24.75,24.75,24.38,24.38,31200,10.39
1997-04-18,24.50,24.75,24.50,24.75,24000,10.55
1997-04-17,24.12,24.62,24.12,24.50,44900,10.45
1997-04-16,24.25,24.25,24.12,24.25,38700,10.34
1997-04-15,24.25,24.38,24.12,24.12,201900,10.29
1997-04-14,24.62,24.75,24.38,24.38,80600,10.39
1997-04-11,24.62,24.75,24.62,24.75,28100,10.55
1997-04-10,25.00,25.00,24.62,24.62,40900,10.50
1997-04-09,24.62,24.88,24.62,24.88,56600,10.61
1997-04-08,24.25,24.75,24.25,24.62,74300,10.50
1997-04-07,24.00,24.25,24.00,24.25,52300,10.34
1997-04-04,23.88,24.12,23.88,24.00,77200,10.23
1997-04-03,23.62,23.88,23.62,23.88,41300,10.18
1997-04-02,24.00,24.12,23.75,23.88,35900,10.18
1997-04-01,24.12,24.25,24.00,24.12,34600,10.29
1997-03-31,24.25,24.38,24.00,24.00,154500,10.23
1997-03-27,24.50,24.62,24.25,24.25,229000,10.34
1997-03-26,24.62,24.75,24.50,24.62,193700,10.50
1997-03-25,24.88,25.00,24.62,24.62,95000,10.50
1997-03-24,24.75,25.00,24.75,24.75,96900,10.55
1997-03-21,24.75,24.88,24.62,24.75,85700,10.55
1997-03-20,24.75,25.00,24.75,24.75,243400,10.55
1997-03-19,24.88,25.00,24.62,24.62,108400,10.50
1997-03-18,25.00,25.12,24.88,25.00,54600,10.66
1997-03-17,25.25,25.25,25.00,25.00,88700,10.66
1997-03-14,25.25,25.25,25.12,25.12,255000,10.71
1997-03-13,24.88,25.25,24.75,25.25,70000,10.77
1997-03-12,24.88,24.88,24.75,24.88,134800,10.61
1997-03-11,24.75,25.25,24.75,24.75,372400,10.55
1997-03-10,24.75,24.75,24.62,24.75,67800,10.55
1997-03-07,24.00,24.75,23.75,24.75,111900,10.55
1997-03-06,24.00,24.25,23.88,24.25,150300,10.34
1997-03-05,23.75,24.00,23.62,24.00,101000,10.23
1997-03-04,23.00,23.88,23.00,23.62,177500,10.07
1997-03-03,23.62,23.62,23.00,23.00,69000,9.81
1997-02-28,23.75,23.75,23.50,23.50,51700,10.02
1997-02-27,24.00,24.00,23.00,23.75,257700,10.13
1997-02-26,24.38,24.38,24.00,24.12,111900,10.29
1997-02-25,24.75,24.88,24.25,24.25,75600,10.30
1997-02-24,24.50,25.00,24.50,24.75,208200,10.51
1997-02-21,24.62,24.62,24.38,24.50,41500,10.40
1997-02-20,24.38,24.62,24.25,24.50,157800,10.40
1997-02-19,24.38,24.50,24.12,24.38,59400,10.35
1997-02-18,24.50,24.50,24.25,24.25,30300,10.30
1997-02-14,24.62,24.62,24.38,24.38,206800,10.35
1997-02-13,24.25,24.62,24.25,24.38,125400,10.35
1997-02-12,23.62,24.50,23.50,24.50,212800,10.40
1997-02-11,23.62,23.75,23.50,23.50,150700,9.98
1997-02-10,23.75,23.75,23.50,23.62,89000,10.03
1997-02-07,23.88,24.12,23.50,23.50,144500,9.98
1997-02-06,23.62,23.75,23.50,23.50,166500,9.98
1997-02-05,24.25,24.38,23.62,23.62,237100,10.03
1997-02-04,23.88,24.25,23.88,24.25,158100,10.30
1997-02-03,24.00,24.12,23.75,24.00,176400,10.19
1997-01-31,24.38,24.75,23.88,23.88,96700,10.14
1997-01-30,24.38,24.75,24.38,24.50,190300,10.40
1997-01-29,24.38,24.75,24.25,24.62,171800,10.46
1997-01-28,23.88,24.50,23.75,24.50,464400,10.40
1997-01-27,23.12,23.62,23.12,23.50,553900,9.98
1997-01-24,24.00,24.00,22.88,23.38,258100,9.93
1997-01-23,23.75,24.00,23.62,24.00,298500,10.19
1997-01-22,23.50,23.75,23.38,23.62,381000,10.03
1997-01-21,23.62,23.75,23.38,23.62,805300,10.03
1997-01-20,23.38,23.62,23.38,23.48,581800,9.97
1997-01-17,23.00,23.25,22.88,23.12,601200,9.82
1997-01-16,23.25,23.25,22.62,23.00,449100,9.77
1997-01-15,23.50,23.50,23.12,23.25,127600,9.87
1997-01-14,23.75,23.88,23.50,23.62,149900,10.03
1997-01-13,23.88,24.00,23.88,24.00,89900,10.19
1997-01-10,24.12,24.38,23.75,24.00,232900,10.19
1997-01-09,24.12,24.38,24.12,24.38,353900,10.35
1997-01-08,24.75,24.75,24.12,24.25,144000,10.30
1997-01-07,25.12,25.12,24.38,24.75,317400,10.51
1997-01-06,25.25,25.38,25.00,25.25,257100,10.72
1997-01-03,24.88,25.25,24.50,25.25,434100,10.72
1997-01-02,25.12,25.12,24.62,24.88,227300,10.56
1996-12-31,24.88,25.12,24.81,25.12,165800,10.67
1996-12-30,25.00,25.00,24.88,25.00,100500,10.62
1996-12-27,25.25,25.25,24.88,25.00,21800,10.62
1996-12-26,24.75,25.12,24.75,25.12,57100,10.67
1996-12-24,24.88,24.88,24.62,24.75,31500,10.51
1996-12-23,25.50,25.50,24.88,25.00,68300,10.62
1996-12-20,25.88,25.88,25.38,25.62,194700,10.88
1996-12-19,25.88,26.00,25.75,25.75,120700,10.94
1996-12-18,25.75,25.88,25.62,25.75,253000,10.94
1996-12-17,24.88,25.88,24.88,25.88,113500,10.99
1996-12-16,25.38,25.50,24.88,24.88,87600,10.56
1996-12-13,25.25,25.62,25.25,25.38,60500,10.78
1996-12-12,25.62,25.75,25.25,25.38,86400,10.78
1996-12-11,25.88,25.88,25.62,25.62,126700,10.88
1996-12-10,26.50,26.50,25.62,25.88,123300,10.99
1996-12-09,26.62,26.88,26.62,26.75,42800,11.36
1996-12-06,26.38,26.50,26.38,26.50,103600,11.25
1996-12-05,26.62,26.75,26.50,26.62,56700,11.31
1996-12-04,26.25,26.62,26.25,26.62,98300,11.31
1996-12-03,26.50,26.50,26.25,26.25,94600,11.15
1996-12-02,25.75,26.62,25.75,26.50,189200,11.25
1996-11-29,25.88,26.00,25.75,25.75,34400,10.94
1996-11-27,26.00,26.12,25.75,26.00,76700,11.04
1996-11-26,26.25,26.25,26.12,26.12,94100,11.09
1996-11-25,26.12,26.25,26.00,26.25,79100,11.15
1996-11-22,26.38,26.62,26.25,26.38,110500,11.20
1996-11-21,26.12,26.38,26.12,26.38,131500,11.20
1996-11-20,26.25,26.25,26.00,26.00,80600,11.04
1996-11-19,26.12,26.38,26.00,26.38,157500,11.16
1996-11-18,26.38,26.38,25.88,26.00,75300,11.00
1996-11-15,26.12,26.38,26.00,26.38,141900,11.16
1996-11-14,26.00,26.50,26.00,26.25,170600,11.11
1996-11-13,25.75,26.12,25.75,26.00,137900,11.00
1996-11-12,25.25,26.12,25.25,25.75,191800,10.89
1996-11-11,25.00,25.38,25.00,25.25,84300,10.68
1996-11-08,25.00,25.25,25.00,25.12,98500,10.63
1996-11-07,25.00,25.25,25.00,25.00,190800,10.58
1996-11-06,25.00,25.12,24.88,25.00,329500,10.58
1996-11-05,25.00,25.12,24.88,25.00,154800,10.58
1996-11-04,24.62,25.00,24.50,24.88,331600,10.52
1996-11-01,24.25,24.62,24.25,24.38,422500,10.31
1996-10-31,24.12,24.50,24.00,24.12,640400,10.21
1996-10-30,24.75,24.88,24.12,24.12,468300,10.21
1996-10-29,24.62,24.88,24.62,24.75,351100,10.47
1996-10-28,26.25,26.25,23.00,24.12,1107800,10.21
1996-10-25,27.62,27.62,26.50,26.50,717700,11.21
1996-10-24,27.62,28.00,27.62,28.00,150800,11.85
1996-10-23,28.00,28.00,27.00,27.50,147300,11.63
1996-10-22,28.00,28.00,27.88,28.00,73600,11.85
1996-10-21,27.75,28.00,27.62,28.00,116500,11.85
1996-10-18,28.25,28.25,27.88,28.00,62900,11.85
1996-10-17,28.25,28.62,28.12,28.12,45300,11.90
1996-10-16,28.25,28.25,27.88,28.00,23200,11.85
1996-10-15,28.25,28.62,28.12,28.25,115300,11.95
1996-10-14,28.00,28.25,28.00,28.12,52000,11.90
1996-10-11,28.25,28.62,27.88,27.88,43000,11.79
1996-10-10,28.12,28.12,27.50,28.12,80800,11.90
1996-10-09,28.00,28.25,28.00,28.00,90100,11.85
1996-10-08,28.25,28.25,27.88,28.00,98000,11.85
1996-10-07,28.38,28.50,28.25,28.25,140900,11.95
1996-10-04,28.88,29.38,28.50,28.50,78900,12.06
1996-10-03,29.25,29.25,28.62,28.88,65200,12.22
1996-10-02,28.50,29.38,28.50,29.12,221200,12.32
1996-10-01,28.25,28.25,28.00,28.12,129900,11.90
1996-09-30,28.12,28.75,27.88,27.88,130400,11.79
1996-09-27,29.00,29.50,27.75,27.88,125000,11.79
1996-09-26,28.12,28.88,28.12,28.75,188000,12.16
1996-09-25,28.38,28.38,28.00,28.00,159800,11.85
1996-09-24,28.62,28.75,28.12,28.12,115500,11.90
1996-09-23,28.50,28.88,28.38,28.75,189200,12.16
1996-09-20,28.38,28.38,28.00,28.25,134300,11.95
1996-09-19,28.38,28.38,28.00,28.12,191600,11.90
1996-09-18,28.62,28.75,28.38,28.38,179600,12.00
1996-09-17,28.00,28.25,28.00,28.00,54500,11.85
1996-09-16,28.25,28.25,28.00,28.00,103500,11.85
1996-09-13,28.12,28.25,28.00,28.12,156400,11.90
1996-09-12,28.00,28.12,28.00,28.12,63800,11.90
1996-09-11,27.88,28.00,27.75,28.00,38500,11.85
1996-09-10,27.88,28.00,27.75,27.75,43700,11.74
1996-09-09,28.00,28.12,27.88,27.88,33000,11.79
1996-09-06,27.62,28.00,27.62,28.00,54200,11.85
1996-09-05,27.75,27.75,27.62,27.75,41900,11.74
1996-09-04,27.50,27.62,27.50,27.50,20100,11.63
1996-09-03,27.50,27.62,27.50,27.50,62500,11.63
1996-08-30,27.50,27.62,27.25,27.50,35500,11.63
1996-08-29,27.88,27.88,27.50,27.50,24600,11.63
1996-08-28,27.50,27.88,27.50,27.75,104000,11.74
1996-08-27,27.50,27.75,27.50,27.50,191700,11.63
1996-08-26,27.50,27.62,27.38,27.50,48700,11.63
1996-08-23,27.75,27.75,27.50,27.50,24300,11.63
1996-08-22,27.25,27.50,27.25,27.50,57200,11.63
1996-08-21,27.25,27.38,27.12,27.25,110500,11.53
1996-08-20,27.00,27.62,27.00,27.38,96200,11.54
1996-08-19,27.00,27.12,26.88,27.00,40700,11.39
1996-08-16,26.75,27.00,26.75,27.00,176500,11.39
1996-08-15,26.62,26.88,26.50,26.88,180600,11.33
1996-08-14,26.75,26.75,26.50,26.62,208300,11.23
1996-08-13,26.88,26.88,26.62,26.62,193500,11.23
1996-08-12,27.00,27.00,26.75,26.75,73800,11.28
1996-08-09,26.25,27.00,26.25,27.00,95100,11.39
1996-08-08,26.00,26.62,26.00,26.12,106300,11.02
1996-08-07,26.88,26.88,25.75,26.00,125700,10.96
1996-08-06,26.50,26.88,26.38,26.88,94600,11.33
1996-08-05,26.00,26.62,26.00,26.50,102300,11.17
1996-08-02,25.50,26.12,25.50,26.00,60000,10.96
1996-08-01,25.12,25.50,25.00,25.50,94600,10.75
1996-07-31,25.12,25.25,24.50,25.12,82000,10.59
1996-07-30,25.25,25.25,25.00,25.12,90700,10.59
1996-07-29,25.75,25.75,25.12,25.25,78600,10.65
1996-07-26,25.50,25.75,25.50,25.62,137800,10.81
1996-07-25,23.75,25.50,23.75,25.50,187000,10.75
1996-07-24,23.00,23.62,23.00,23.50,87900,9.91
1996-07-23,23.88,24.12,22.75,22.88,110500,9.65
1996-07-22,24.38,24.38,23.88,23.88,71700,10.07
1996-07-19,24.50,24.62,24.00,24.12,42000,10.17
1996-07-18,24.12,24.62,24.12,24.62,71300,10.38
1996-07-17,23.62,24.12,23.62,23.88,89000,10.07
1996-07-16,23.75,23.75,22.88,23.50,70600,9.91
1996-07-15,24.50,24.50,23.25,23.62,84500,9.96
1996-07-12,24.75,24.75,24.38,24.38,90500,10.28
1996-07-11,25.00,25.12,24.50,24.50,237800,10.33
1996-07-10,24.50,25.00,24.50,25.00,125900,10.54
1996-07-09,25.12,25.12,24.12,24.50,103500,10.33
1996-07-08,25.25,25.38,25.00,25.00,173900,10.54
1996-07-05,25.25,25.50,25.12,25.25,94900,10.65
1996-07-03,25.00,25.50,25.00,25.38,243700,10.70
1996-07-02,25.12,27.12,24.50,24.88,388800,10.49
1996-07-01,24.88,25.00,24.62,25.00,260100,10.54
1996-06-28,25.62,25.62,24.50,24.50,60800,10.33
1996-06-27,26.12,26.12,25.25,25.38,70100,10.70
1996-06-26,26.00,26.25,25.75,25.75,91300,10.86
1996-06-25,26.75,26.75,24.88,25.38,149200,10.70
1996-06-24,26.88,26.88,26.50,26.62,72800,11.23
1996-06-21,26.62,26.88,26.62,26.88,117600,11.33
1996-06-20,26.88,27.00,26.50,26.75,165600,11.28
1996-06-19,26.88,27.00,26.75,26.88,75000,11.33
1996-06-18,27.00,27.12,26.88,27.00,125700,11.39
1996-06-17,27.00,27.25,27.00,27.00,38700,11.39
1996-06-14,26.75,27.12,26.75,27.00,107500,11.39
1996-06-13,26.75,27.00,26.75,26.88,56500,11.33
1996-06-12,27.00,27.25,26.62,26.75,85700,11.28
1996-06-11,27.25,27.38,27.00,27.00,79200,11.39
1996-06-10,26.50,27.62,26.38,27.12,172200,11.44
1996-06-07,26.38,26.62,26.38,26.62,107900,11.23
1996-06-06,27.38,27.50,26.62,26.75,158400,11.28
1996-06-05,27.25,27.38,27.00,27.25,54900,11.49
1996-06-04,27.25,27.75,27.25,27.38,45100,11.54
1996-06-03,27.38,27.88,27.25,27.25,64000,11.49
1996-05-31,27.38,27.75,27.38,27.38,208500,11.54
1996-05-30,27.25,27.75,27.25,27.38,217100,11.54
1996-05-29,27.50,27.62,27.25,27.25,132000,11.49
1996-05-28,27.50,27.75,27.50,27.62,39600,11.65
1996-05-24,27.75,28.00,27.62,27.75,89600,11.70
1996-05-23,28.00,28.12,27.75,27.75,124400,11.70
1996-05-22,28.00,28.12,27.75,28.00,331500,11.81
1996-05-21,26.62,28.00,26.62,28.00,662700,11.77
1996-05-20,26.88,27.00,26.50,26.62,207900,11.19
1996-05-17,26.75,27.00,26.75,26.88,70300,11.30
1996-05-16,26.75,27.00,26.62,26.88,170700,11.30
1996-05-15,26.75,26.88,26.62,26.62,253000,11.19
1996-05-14,27.00,27.12,26.75,26.75,141000,11.24
1996-05-13,26.75,27.00,26.75,27.00,303800,11.35
1996-05-10,26.88,27.00,26.75,26.75,289300,11.24
1996-05-09,26.25,26.88,26.25,26.70,188900,11.22
1996-05-08,26.62,26.75,26.00,26.25,299600,11.03
1996-05-07,26.62,26.75,26.50,26.62,214700,11.19
1996-05-06,26.75,27.00,26.50,26.50,222500,11.14
1996-05-03,26.75,27.12,26.75,26.75,77200,11.24
1996-05-02,26.88,26.88,26.75,26.88,61000,11.30
1996-05-01,26.75,26.88,26.75,26.75,171900,11.24
1996-04-30,26.62,26.88,26.50,26.75,425300,11.24
1996-04-29,27.00,27.00,26.50,26.62,322300,11.19
1996-04-26,26.25,27.00,26.25,27.00,522400,11.35
1996-04-25,26.12,26.50,26.00,26.00,391700,10.93
1996-04-24,25.75,27.00,25.75,26.00,651600,10.93
1996-04-23,29.50,29.50,24.50,25.75,1128100,10.82
1996-04-22,29.75,30.38,29.50,29.62,261300,12.45
1996-04-19,29.50,30.25,29.50,29.88,115500,12.56
1996-04-18,29.25,29.62,29.12,29.50,104600,12.40
1996-04-17,29.12,29.50,29.12,29.12,77700,12.24
1996-04-16,28.88,29.38,28.88,29.25,41200,12.29
1996-04-15,28.88,29.00,28.62,28.88,211300,12.14
1996-04-12,28.00,29.12,27.88,29.12,86000,12.24
1996-04-11,28.38,28.50,27.75,28.12,105100,11.82
1996-04-10,28.75,28.88,27.75,28.38,69000,11.93
1996-04-09,29.12,29.12,28.12,28.62,154900,12.03
1996-04-08,29.75,29.75,28.75,28.88,107000,12.14
1996-04-04,30.50,30.50,29.75,30.00,94100,12.61
1996-04-03,31.25,31.25,30.50,30.62,293900,12.87
1996-04-02,31.50,31.62,31.25,31.38,60900,13.19
1996-04-01,30.50,31.25,30.50,31.25,136200,13.14
1996-03-29,30.88,31.12,30.25,30.50,55900,12.82
1996-03-28,30.50,30.75,30.38,30.62,85200,12.87
1996-03-27,30.25,30.75,30.00,30.25,106400,12.71
1996-03-26,31.00,31.00,29.50,30.00,95600,12.61
1996-03-25,31.00,31.12,30.75,30.88,57400,12.98
1996-03-22,62.12,62.12,62.00,62.00,48600,13.03
1996-03-21,62.12,62.38,62.00,62.12,52200,13.06
1996-03-20,62.50,62.62,61.88,62.12,106000,13.06
1996-03-19,62.75,62.88,62.38,62.62,48800,13.16
1996-03-18,62.88,63.00,62.62,62.75,65600,13.19
1996-03-15,62.25,63.00,62.12,62.75,84600,13.19
1996-03-14,61.50,62.75,61.50,62.50,105800,13.14
1996-03-13,60.62,62.00,60.62,61.62,56600,12.95
1996-03-12,60.75,60.88,60.38,60.75,33600,12.77
1996-03-11,60.75,60.88,60.25,60.75,81800,12.77
1996-03-08,60.62,61.38,60.50,60.75,124600,12.77
1996-03-07,60.50,61.00,60.25,61.00,54600,12.82
1996-03-06,60.75,60.75,60.12,60.38,47600,12.69
1996-03-05,61.25,61.62,60.50,61.00,106800,12.82
1996-03-04,59.88,61.12,59.88,61.12,57800,12.85
1996-03-01,60.38,60.38,59.75,59.88,33400,12.58
1996-02-29,61.00,61.00,60.50,60.50,125000,12.71
1996-02-28,59.88,61.00,59.88,61.00,117000,12.82
1996-02-27,59.38,60.25,59.38,59.88,104200,12.58
1996-02-26,59.12,59.50,59.12,59.38,43600,12.48
1996-02-23,59.25,59.62,58.88,59.25,102400,12.45
1996-02-22,58.50,59.12,58.38,59.12,240000,12.43
1996-02-21,58.50,59.50,58.38,58.75,56200,12.35
1996-02-20,59.88,59.88,58.38,58.50,56400,12.29
1996-02-16,60.00,60.12,59.75,60.12,58800,12.64
1996-02-15,60.00,60.12,59.75,60.00,130000,12.61
1996-02-14,60.12,60.12,59.88,60.12,63600,12.64
1996-02-13,59.62,60.12,59.62,60.00,67800,12.61
1996-02-12,59.50,60.25,59.50,59.75,150000,12.56
1996-02-09,59.12,60.12,59.00,59.50,58400,12.50
1996-02-08,58.88,59.62,58.75,58.88,116600,12.37
1996-02-07,59.50,59.75,58.88,59.50,142800,12.50
1996-02-06,58.62,60.00,58.62,59.62,100400,12.53
1996-02-05,58.62,58.62,57.88,58.12,66400,12.22
1996-02-02,60.00,60.00,58.25,58.50,99400,12.29
1996-02-01,58.00,60.38,57.88,59.88,170400,12.58
1996-01-31,58.25,58.25,57.38,57.50,203600,12.08
1996-01-30,58.00,59.00,57.88,58.00,321600,12.19
1996-01-29,57.88,58.38,57.62,58.00,160000,12.19
1996-01-26,57.50,58.25,57.50,58.00,238200,12.19
1996-01-25,57.00,58.88,57.00,57.75,899800,12.14
1996-01-24,56.50,58.50,56.25,57.00,215800,11.98
1996-01-23,57.00,57.00,56.25,56.62,90400,11.90
1996-01-22,57.62,58.38,56.88,57.00,157200,11.98
1996-01-19,56.00,58.12,56.00,57.12,91600,12.01
1996-01-18,56.25,56.38,55.75,56.25,120000,11.82
1996-01-17,56.38,56.62,55.88,55.88,118000,11.74
1996-01-16,56.25,56.50,56.12,56.25,230400,11.82
1996-01-15,55.38,56.50,55.38,56.12,126800,11.80
1996-01-12,55.00,55.62,55.00,55.25,54400,11.61
1996-01-11,54.62,55.25,54.62,55.12,201600,11.59
1996-01-10,53.62,54.00,53.25,53.75,187000,11.30
1996-01-09,53.62,54.12,53.12,53.88,182200,11.32
1996-01-08,54.50,54.50,53.38,53.38,52200,11.22
1996-01-05,55.00,55.00,54.62,55.00,76000,11.56
1996-01-04,54.38,55.12,54.38,55.00,89400,11.56
1996-01-03,54.38,54.75,54.25,54.38,168200,11.43
1996-01-02,54.00,54.38,53.75,54.38,306600,11.43
1995-12-29,54.12,54.38,53.88,53.88,82200,11.32
1995-12-28,53.88,54.25,53.50,54.00,162000,11.35
1995-12-27,54.00,54.62,54.00,54.00,246600,11.35
1995-12-26,51.62,54.00,51.62,54.00,224200,11.35
1995-12-22,50.50,51.75,50.50,51.75,132200,10.88
1995-12-21,49.62,50.50,49.62,50.38,137000,10.59
1995-12-20,49.38,49.88,49.38,49.50,64400,10.40
1995-12-19,48.12,49.38,48.12,49.38,56600,10.38
1995-12-18,48.38,48.50,48.25,48.25,161800,10.14
1995-12-15,48.25,48.50,48.25,48.50,205800,10.19
1995-12-14,49.50,49.56,48.50,48.50,263000,10.19
1995-12-13,49.00,49.75,49.00,49.62,139400,10.43
1995-12-12,49.00,49.50,49.00,49.25,203600,10.35
1995-12-11,49.12,49.50,48.88,49.12,512600,10.32
1995-12-08,49.12,49.62,49.12,49.12,113600,10.32
1995-12-07,49.25,49.62,49.00,49.62,347600,10.43
1995-12-06,48.75,49.25,48.75,49.25,1014000,10.35
1995-12-05,47.25,48.62,47.25,48.62,207200,10.22
1995-12-04,46.75,47.38,46.62,47.12,193600,9.90
1995-12-01,47.00,47.25,46.75,46.75,283600,9.83
1995-11-30,47.00,47.00,46.75,46.88,128000,9.85
1995-11-29,47.00,47.12,46.62,46.62,420000,9.80
1995-11-28,47.38,47.38,46.62,46.62,102400,9.80
1995-11-27,46.88,47.62,46.62,47.62,125800,10.01
1995-11-24,47.38,47.62,47.25,47.62,65800,10.01
1995-11-22,47.00,47.62,47.00,47.50,110200,9.98
1995-11-21,47.25,47.62,46.88,46.88,338400,9.85
1995-11-20,46.25,47.75,46.25,47.25,517000,9.89
1995-11-17,46.88,47.00,46.38,46.50,89600,9.74
1995-11-16,47.88,48.00,46.25,46.62,631400,9.76
1995-11-15,47.88,48.50,47.75,47.88,286800,10.02
1995-11-14,48.38,48.50,47.62,47.75,235200,10.00
1995-11-13,48.38,48.50,48.25,48.25,123400,10.10
1995-11-10,48.12,48.50,48.12,48.38,225600,10.13
1995-11-09,48.00,48.25,48.00,48.25,248000,10.10
1995-11-08,47.75,48.25,47.75,48.25,302200,10.10
1995-11-07,48.12,48.38,47.62,47.88,478800,10.02
1995-11-06,48.00,48.25,47.62,48.25,99400,10.10
1995-11-03,47.88,48.50,47.88,48.38,106600,10.13
1995-11-02,47.75,48.38,47.75,48.00,93600,10.05
1995-11-01,47.38,47.75,47.38,47.62,49800,9.97
1995-10-31,46.88,48.00,46.88,47.50,271800,9.94
1995-10-30,46.62,47.25,46.00,46.75,344600,9.79
1995-10-27,46.75,46.88,45.75,46.88,145000,9.81
1995-10-26,47.00,47.00,45.50,46.88,375600,9.81
1995-10-25,48.00,48.25,47.00,47.00,111800,9.84
1995-10-24,48.38,48.38,47.50,47.75,197800,10.00
1995-10-23,49.75,49.75,48.25,48.25,91600,10.10
1995-10-20,50.62,50.62,49.00,49.50,127000,10.36
1995-10-19,51.50,51.62,50.75,50.88,53200,10.65
1995-10-18,51.62,51.62,50.88,51.38,79200,10.76
1995-10-17,52.12,52.12,51.25,51.50,49600,10.78
1995-10-16,51.50,52.00,51.50,52.00,187600,10.89
1995-10-13,51.25,51.75,51.25,51.38,39400,10.76
1995-10-12,50.25,51.25,50.12,51.25,225600,10.73
1995-10-11,50.00,50.25,49.75,50.12,137000,10.49
1995-10-10,49.38,49.50,49.00,49.50,102200,10.36
1995-10-09,50.50,50.50,49.62,49.62,70000,10.39
1995-10-06,50.62,51.00,50.38,50.62,106600,10.60
1995-10-05,50.50,50.88,50.25,50.88,85800,10.65
1995-10-04,51.62,51.62,50.75,50.75,91000,10.63
1995-10-03,52.50,52.62,51.38,51.38,89000,10.76
1995-10-02,52.88,52.88,52.50,52.62,119600,11.02
1995-09-29,53.62,53.88,53.00,53.12,76600,11.12
1995-09-28,52.75,53.88,52.75,53.62,217400,11.23
1995-09-27,53.38,53.50,52.75,52.75,256800,11.04
1995-09-26,53.50,53.50,53.25,53.50,139600,11.20
1995-09-25,53.88,53.88,53.50,53.62,189200,11.23
1995-09-22,53.62,53.88,53.50,53.75,248600,11.25
1995-09-21,53.00,53.88,53.00,53.88,312200,11.28
1995-09-20,52.75,53.25,52.75,53.00,129600,11.10
1995-09-19,53.00,53.12,52.75,52.75,313800,11.04
1995-09-18,52.88,53.38,52.88,53.00,412000,11.10
1995-09-15,52.50,52.88,52.38,52.88,193400,11.07
1995-09-14,52.38,53.12,52.38,52.50,182200,10.99
1995-09-13,52.12,52.50,52.12,52.50,108200,10.99
1995-09-12,51.62,52.25,51.62,52.12,407800,10.91
1995-09-11,51.62,52.00,51.38,51.62,542600,10.81
1995-09-08,50.88,51.62,50.88,51.62,151000,10.81
1995-09-07,50.50,51.12,50.50,50.62,231600,10.60
1995-09-06,50.88,51.38,50.62,50.75,272400,10.63
1995-09-05,49.25,50.50,49.00,50.50,180600,10.57
1995-09-01,48.12,49.50,48.00,48.88,341400,10.23
1995-08-31,48.38,48.50,47.50,48.12,544200,10.08
1995-08-30,48.75,48.88,48.50,48.62,147800,10.18
1995-08-29,49.75,49.75,48.12,49.00,401800,10.26
1995-08-28,51.12,51.12,49.50,49.62,267600,10.39
1995-08-25,51.50,51.50,51.00,51.00,43600,10.68
1995-08-24,51.88,51.88,51.25,51.50,83000,10.78
1995-08-23,50.88,51.75,50.88,51.75,156000,10.83
1995-08-22,51.00,51.25,50.12,50.88,930400,10.61
1995-08-21,52.12,52.25,50.88,51.00,110400,10.64
1995-08-18,53.00,53.00,52.25,52.38,186000,10.93
1995-08-17,52.62,53.00,52.50,53.00,154800,11.06
1995-08-16,52.75,52.75,52.50,52.62,157600,10.98
1995-08-15,53.50,53.75,52.50,52.75,216400,11.00
1995-08-14,53.25,53.62,53.12,53.25,289800,11.11
1995-08-11,54.75,54.75,52.62,52.88,189000,11.03
1995-08-10,56.25,56.25,54.75,54.75,158000,11.42
1995-08-09,55.75,56.25,55.62,56.00,273600,11.68
1995-08-08,56.38,56.50,55.88,55.88,452000,11.66
1995-08-07,56.50,56.75,56.00,56.38,208800,11.76
1995-08-04,56.62,56.88,56.50,56.50,122400,11.79
1995-08-03,57.25,57.25,56.88,56.88,163800,11.87
1995-08-02,56.75,57.50,56.50,57.00,193000,11.89
1995-08-01,56.88,57.25,56.25,56.75,221400,11.84
1995-07-31,56.75,56.75,55.75,56.38,751600,11.76
1995-07-28,56.75,57.25,56.75,56.88,280800,11.87
1995-07-27,57.25,57.38,55.88,56.62,663800,11.81
1995-07-26,58.00,58.38,57.38,57.50,601400,12.00
1995-07-25,57.12,58.75,57.12,57.88,210800,12.07
1995-07-24,56.62,57.75,56.38,56.88,318400,11.87
1995-07-21,55.25,55.75,55.00,55.62,107600,11.60
1995-07-20,54.88,55.38,54.62,55.00,257400,11.47
1995-07-19,57.00,57.00,54.38,55.12,230400,11.50
1995-07-18,57.00,57.88,57.00,57.00,301600,11.89
1995-07-17,54.25,57.50,54.25,57.00,153600,11.89
1995-07-14,53.50,54.25,53.38,54.25,184800,11.32
1995-07-13,54.12,54.12,53.38,53.50,119200,11.16
1995-07-12,54.12,54.25,53.50,54.12,186000,11.29
1995-07-11,55.12,55.50,54.25,54.38,244400,11.34
1995-07-10,53.12,55.88,53.12,55.38,152400,11.55
1995-07-07,52.38,53.62,52.00,52.88,211400,11.03
1995-07-06,51.75,52.12,51.25,52.00,183000,10.85
1995-07-05,52.00,52.00,51.50,51.62,123200,10.77
1995-07-03,52.50,52.75,51.88,51.88,60200,10.82
1995-06-30,51.25,52.75,51.25,52.75,102800,11.00
1995-06-29,50.75,51.50,50.75,51.38,205800,10.72
1995-06-28,49.25,50.50,49.25,50.50,155400,10.54
1995-06-27,48.50,49.38,48.38,49.38,153800,10.30
1995-06-26,48.75,48.75,48.25,48.62,157800,10.14
1995-06-23,48.62,49.12,48.62,48.88,147800,10.20
1995-06-22,47.00,49.38,47.00,48.88,187400,10.20
1995-06-21,46.75,46.88,46.50,46.75,276400,9.75
1995-06-20,46.00,47.00,45.75,47.00,447800,9.81
1995-06-19,43.25,46.00,43.00,46.00,278400,9.60
1995-06-16,42.62,43.00,42.38,43.00,34600,8.97
1995-06-15,42.88,43.00,42.62,42.75,40200,8.92
1995-06-14,42.25,42.88,42.25,42.75,247600,8.92
1995-06-13,41.75,42.25,41.62,42.00,157000,8.76
1995-06-12,41.62,41.62,41.25,41.62,176600,8.68
1995-06-09,42.00,42.00,41.25,41.62,446600,8.68
1995-06-08,42.88,42.88,42.00,42.00,120000,8.76
1995-06-07,42.62,42.88,42.62,42.88,79400,8.94
1995-06-06,42.75,42.88,42.38,42.50,129400,8.87
1995-06-05,42.62,42.75,42.12,42.50,90600,8.87
1995-06-02,42.62,42.62,42.00,42.38,153000,8.84
1995-06-01,42.00,42.62,41.88,42.62,71000,8.89
1995-05-31,41.88,42.75,41.88,42.12,88200,8.79
1995-05-30,42.50,42.75,42.12,42.12,240200,8.79
1995-05-26,42.75,42.75,42.12,42.25,39600,8.81
1995-05-25,43.00,43.12,42.62,42.75,89800,8.92
1995-05-24,42.62,43.00,42.62,42.88,127000,8.94
1995-05-23,41.75,42.62,41.75,42.62,127200,8.89
1995-05-22,41.38,41.62,41.12,41.25,120200,8.61
1995-05-19,41.50,41.62,41.25,41.38,62600,8.60
1995-05-18,41.75,41.88,41.25,41.38,77400,8.60
1995-05-17,41.88,42.00,41.25,41.75,150400,8.68
1995-05-16,41.50,42.00,41.38,41.88,177200,8.71
1995-05-15,42.00,42.12,41.00,41.62,331800,8.65
1995-05-12,39.88,42.00,39.88,42.00,311200,8.73
1995-05-11,39.25,40.50,39.25,40.00,101000,8.32
1995-05-10,38.50,39.62,38.50,39.62,102600,8.24
1995-05-09,38.00,38.50,37.88,38.25,266200,7.95
1995-05-08,37.88,38.38,37.62,38.38,135600,7.98
1995-05-05,37.75,38.00,37.62,37.88,193600,7.87
1995-05-04,38.00,38.75,37.12,37.38,228200,7.77
1995-05-03,38.50,38.50,38.00,38.25,160200,7.95
1995-05-02,38.25,38.62,37.88,38.38,152200,7.98
1995-05-01,39.00,39.00,38.38,38.75,177800,8.06
1995-04-28,39.12,39.25,38.88,39.25,88400,8.16
1995-04-27,39.25,39.50,39.00,39.25,55200,8.16
1995-04-26,38.62,39.62,38.38,39.12,403600,8.13
1995-04-25,38.25,38.88,38.25,38.50,149600,8.00
1995-04-24,38.25,38.25,37.88,38.00,188400,7.90
1995-04-21,38.25,38.38,37.88,38.25,165600,7.95
1995-04-20,38.50,38.50,37.88,38.25,362800,7.95
1995-04-19,38.88,38.88,38.25,38.50,127400,8.00
1995-04-18,39.62,39.62,38.50,38.50,36600,8.00
1995-04-17,39.62,40.12,39.38,39.50,371200,8.21
1995-04-13,39.88,40.00,39.25,39.38,221600,8.19
1995-04-12,39.38,39.75,39.38,39.75,528200,8.26
1995-04-11,38.50,39.50,38.38,39.50,534000,8.21
1995-04-10,37.50,38.25,37.25,38.25,337200,7.95
1995-04-07,37.50,37.62,37.25,37.62,96200,7.82
1995-04-06,38.12,38.12,37.25,37.50,96200,7.80
1995-04-05,37.25,38.12,37.12,37.62,126000,7.82
1995-04-04,36.88,37.50,36.88,37.00,163000,7.69
1995-04-03,37.00,37.12,36.62,36.88,95000,7.67
1995-03-31,36.75,38.00,36.50,36.88,190000,7.67
1995-03-30,36.38,37.00,36.25,37.00,162800,7.69
1995-03-29,35.75,36.12,35.62,35.88,233400,7.46
1995-03-28,35.75,35.75,35.38,35.38,331800,7.36
1995-03-27,36.25,36.25,35.38,35.88,114000,7.46
1995-03-24,36.00,36.75,35.88,36.00,269600,7.48
1995-03-23,36.25,36.50,35.88,36.00,169800,7.48
1995-03-22,36.75,36.75,36.25,36.25,121400,7.54
1995-03-21,36.50,36.88,36.12,36.50,253600,7.59
1995-03-20,36.25,36.62,36.25,36.38,204600,7.56
1995-03-17,37.00,37.00,36.25,36.25,295200,7.54
1995-03-16,37.12,37.12,36.62,37.00,240200,7.69
1995-03-15,36.25,37.12,36.12,37.12,400200,7.72
1995-03-14,36.00,36.38,36.00,36.12,311400,7.51
1995-03-13,35.88,36.12,35.88,36.00,183400,7.48
1995-03-10,35.62,36.12,35.50,36.00,104000,7.48
1995-03-09,35.12,35.25,35.00,35.25,315800,7.33
1995-03-08,35.00,35.25,34.75,34.88,248400,7.25
1995-03-07,35.25,35.25,35.12,35.12,244800,7.30
1995-03-06,34.25,35.38,34.00,35.12,321600,7.30
1995-03-03,34.62,34.62,34.25,34.25,55800,7.12
1995-03-02,34.38,34.62,34.25,34.62,220400,7.20
1995-03-01,34.00,34.38,33.75,34.38,471800,7.15
1995-02-28,34.62,34.62,33.62,34.00,240200,7.07
1995-02-27,34.50,34.62,34.50,34.50,217000,7.17
1995-02-24,35.00,35.12,34.62,34.88,231800,7.25
1995-02-23,35.25,35.25,34.88,34.88,290400,7.25
1995-02-22,34.75,35.25,34.75,35.25,279400,7.33
1995-02-21,34.75,35.00,34.50,34.75,147800,7.23
1995-02-17,34.12,35.00,34.00,34.75,681600,7.23
1995-02-16,33.50,34.50,33.38,34.38,210400,7.12
1995-02-15,32.62,33.50,32.50,33.38,197400,6.91
1995-02-14,32.62,32.62,32.12,32.50,417600,6.73
1995-02-13,32.50,32.50,32.25,32.38,166400,6.70
1995-02-10,32.00,32.50,31.88,32.50,219000,6.73
1995-02-09,32.00,32.00,31.62,31.88,198400,6.60
1995-02-08,32.00,32.12,31.62,31.88,98200,6.60
1995-02-07,32.12,32.12,31.62,32.00,72000,6.63
1995-02-06,31.25,32.25,31.12,32.00,237200,6.63
1995-02-03,31.12,31.50,30.75,31.25,115400,6.47
1995-02-02,31.38,31.38,30.88,31.00,41200,6.42
1995-02-01,30.88,31.38,30.50,31.25,224800,6.47
1995-01-31,31.38,31.38,30.50,30.62,230800,6.34
1995-01-30,31.88,32.00,31.38,31.38,218800,6.50
1995-01-27,31.25,32.00,30.38,31.62,457600,6.55
1995-01-26,31.62,31.88,30.88,31.25,117600,6.47
1995-01-25,32.12,32.12,31.75,31.75,30600,6.57
1995-01-24,31.75,32.38,31.62,32.12,173000,6.65
1995-01-23,32.50,32.50,31.50,31.62,632600,6.55
1995-01-20,32.75,33.00,32.62,32.75,522600,6.78
1995-01-19,32.88,32.88,32.62,32.62,133000,6.76
1995-01-18,32.00,32.88,32.00,32.88,534000,6.81
1995-01-17,31.38,32.00,31.25,32.00,104600,6.63
1995-01-16,31.00,31.75,31.00,31.50,156000,6.52
1995-01-13,30.88,31.00,30.50,31.00,136400,6.42
1995-01-12,30.50,30.88,30.50,30.88,38800,6.39
1995-01-11,30.38,30.50,30.25,30.25,126400,6.26
1995-01-10,30.12,31.00,30.12,30.25,221000,6.26
1995-01-09,29.38,30.25,29.38,30.00,145400,6.21
1995-01-06,28.38,29.38,28.25,29.38,97200,6.08
1995-01-05,28.88,28.88,28.38,28.38,43600,5.88
1995-01-04,28.38,29.50,28.38,28.75,75800,5.95
1995-01-03,28.62,28.62,28.00,28.12,132600,5.82
1994-12-30,28.50,28.88,28.38,28.38,79800,5.88
1994-12-29,28.75,29.25,28.75,28.75,73600,5.95
1994-12-28,28.38,28.88,28.25,28.75,147600,5.95
1994-12-27,27.88,28.62,27.75,28.38,87400,5.88
1994-12-23,28.00,28.12,27.75,27.75,186600,5.75
1994-12-22,28.25,28.38,27.75,27.88,102200,5.77
1994-12-21,28.00,28.25,28.00,28.12,73200,5.82
1994-12-20,26.62,27.75,26.62,27.75,276600,5.75
1994-12-19,27.12,27.12,26.38,26.62,143200,5.51
1994-12-16,26.88,27.00,26.62,27.00,110200,5.59
1994-12-15,27.38,27.38,26.88,27.12,41000,5.62
1994-12-14,26.50,27.50,26.50,27.12,62200,5.62
1994-12-13,25.88,26.62,25.88,26.50,65000,5.49
1994-12-12,25.88,26.12,25.62,25.75,64600,5.33
1994-12-09,26.75,26.88,26.25,26.25,135200,5.44
1994-12-08,26.50,26.75,26.50,26.75,137800,5.54
1994-12-07,26.50,26.75,26.50,26.62,134600,5.51
1994-12-06,26.38,26.50,26.25,26.50,42200,5.49
1994-12-05,26.00,26.50,26.00,26.50,40200,5.49
1994-12-02,26.00,26.12,25.88,26.00,93400,5.38
1994-12-01,26.25,26.25,25.88,25.88,97000,5.36
1994-11-30,26.25,26.38,26.12,26.12,93600,5.41
1994-11-29,26.38,26.38,26.12,26.25,72800,5.44
1994-11-28,26.25,26.88,26.25,26.50,266000,5.49
1994-11-25,26.00,26.12,25.75,26.00,18800,5.38
1994-11-23,26.50,26.50,25.50,25.75,219200,5.33
1994-11-22,27.12,27.38,26.75,26.88,216600,5.56
1994-11-21,27.12,27.38,27.12,27.12,132600,5.62
1994-11-18,27.25,27.62,27.00,27.50,75600,5.69
1994-11-17,27.50,27.50,27.38,27.50,13800,5.67
1994-11-16,27.62,27.75,27.50,27.50,56400,5.67
1994-11-15,27.62,28.00,27.25,27.62,31000,5.69
1994-11-14,27.38,27.88,27.38,27.88,14400,5.74
1994-11-11,27.50,27.50,27.25,27.38,31600,5.64
1994-11-10,27.62,27.75,27.25,27.62,66800,5.69
1994-11-09,27.88,28.00,27.38,27.62,122600,5.69
1994-11-08,27.50,27.88,27.38,27.75,33200,5.72
1994-11-07,28.25,28.25,27.25,27.38,29600,5.64
1994-11-04,28.50,28.50,28.25,28.25,55400,5.82
1994-11-03,28.50,28.62,28.38,28.50,55000,5.87
1994-11-02,28.00,28.38,28.00,28.38,416400,5.85
1994-11-01,28.75,28.88,28.12,28.25,314000,5.82
1994-10-31,28.38,29.00,27.88,28.50,236200,5.87
1994-10-28,27.62,28.12,27.25,28.12,244400,5.79
1994-10-27,27.38,27.50,27.38,27.50,43600,5.67
1994-10-26,27.38,27.38,27.25,27.38,19800,5.64
1994-10-25,27.12,27.50,27.00,27.38,118400,5.64
1994-10-24,27.88,28.12,27.25,27.25,264000,5.61
1994-10-21,27.38,27.88,27.38,27.75,90800,5.72
1994-10-20,28.00,28.12,27.38,27.38,59200,5.64
1994-10-19,27.50,28.50,27.50,28.25,396000,5.82
1994-10-18,27.25,27.75,27.00,27.50,108600,5.67
1994-10-17,27.12,27.12,26.88,27.00,88000,5.56
1994-10-14,27.50,27.75,27.12,27.12,524000,5.59
1994-10-13,27.50,27.75,27.38,27.50,298000,5.67
1994-10-12,26.38,27.50,26.38,27.50,388200,5.67
1994-10-11,25.75,26.50,25.75,26.50,348000,5.46
1994-10-10,25.75,26.00,25.62,25.62,275200,5.28
1994-10-07,25.75,25.88,25.62,25.75,88800,5.30
1994-10-06,26.00,26.12,25.75,26.12,77200,5.38
1994-10-05,26.38,26.38,25.75,26.00,51000,5.36
1994-10-04,26.75,26.75,26.12,26.38,203400,5.43
1994-10-03,27.12,27.12,26.75,26.75,89200,5.51
1994-09-30,27.12,27.25,26.62,27.25,45200,5.61
1994-09-29,27.00,27.12,26.75,27.12,136600,5.59
1994-09-28,27.12,27.62,26.50,27.00,269800,5.56
1994-09-27,27.38,27.38,26.88,27.00,183200,5.56
1994-09-26,27.25,27.38,27.00,27.25,104000,5.61
1994-09-23,27.50,27.88,27.00,27.00,63400,5.56
1994-09-22,27.38,27.88,27.38,27.62,40400,5.69
1994-09-21,27.50,27.50,27.25,27.25,65600,5.61
1994-09-20,27.88,27.88,27.38,27.38,123200,5.64
1994-09-19,27.75,28.12,27.75,27.88,63200,5.74
1994-09-16,28.00,28.00,27.75,28.00,154800,5.77
1994-09-15,27.75,28.00,27.62,28.00,25600,5.77
1994-09-14,28.00,28.00,27.50,27.75,100400,5.72
1994-09-13,27.88,28.12,27.88,28.00,85800,5.77
1994-09-12,28.00,28.00,27.62,27.75,92000,5.72
1994-09-09,28.25,28.25,27.75,28.00,66800,5.77
1994-09-08,28.25,28.25,28.00,28.25,139800,5.82
1994-09-07,28.38,28.38,28.25,28.25,149000,5.82
1994-09-06,28.12,28.50,28.12,28.38,65200,5.85
1994-09-02,27.88,28.12,27.88,28.12,64000,5.79
1994-09-01,28.00,28.12,27.88,27.88,123200,5.74
1994-08-31,28.12,28.25,28.00,28.25,79000,5.82
1994-08-30,28.00,28.38,28.00,28.25,49200,5.82
1994-08-29,27.75,28.25,27.75,28.00,175600,5.77
1994-08-26,27.38,28.50,27.38,28.12,322200,5.79
1994-08-25,27.00,27.25,27.00,27.25,214200,5.61
1994-08-24,27.00,27.12,27.00,27.00,21400,5.56
1994-08-23,26.88,27.25,26.88,27.00,98200,5.56
1994-08-22,26.75,26.88,26.75,26.88,41600,5.54
1994-08-19,26.75,27.00,26.62,27.00,36000,5.53
1994-08-18,26.75,26.88,26.75,26.75,165000,5.48
1994-08-17,54.12,54.38,53.88,53.88,76400,5.52
1994-08-16,54.00,54.12,53.88,54.00,17600,5.53
1994-08-15,54.00,54.12,54.00,54.12,49600,5.55
1994-08-12,53.88,54.12,53.88,54.12,68000,5.55
1994-08-11,54.25,54.38,54.00,54.12,60400,5.55
1994-08-10,54.25,54.38,54.00,54.25,62400,5.56
1994-08-09,54.00,54.25,54.00,54.25,66800,5.56
1994-08-08,54.25,54.25,53.88,54.00,95600,5.53
1994-08-05,53.88,54.00,53.88,54.00,41200,5.53
1994-08-04,53.88,54.25,53.88,54.00,257600,5.53
1994-08-03,53.75,54.00,53.62,54.00,71200,5.53
1994-08-02,53.62,54.12,53.62,53.75,97600,5.51
1994-08-01,53.25,53.50,53.25,53.38,30400,5.47
1994-07-29,53.25,53.62,52.75,53.50,220400,5.48
1994-07-28,52.88,54.00,52.88,53.00,156800,5.43
1994-07-27,53.12,53.12,52.00,52.00,140000,5.33
1994-07-26,53.38,53.50,53.12,53.25,50800,5.46
1994-07-25,53.75,54.25,53.12,53.25,60000,5.46
1994-07-22,53.12,54.00,53.12,53.50,271600,5.48
1994-07-21,52.00,53.12,52.00,53.12,167200,5.44
1994-07-20,51.62,52.25,51.50,52.00,329600,5.33
1994-07-19,50.50,52.00,50.38,51.38,103600,5.26
1994-07-18,50.38,50.38,49.94,50.25,222400,5.15
1994-07-15,50.62,50.88,50.38,50.62,41600,5.19
1994-07-14,51.00,51.00,50.75,50.88,24800,5.21
1994-07-13,50.50,50.88,50.50,50.88,23200,5.21
1994-07-12,51.12,51.12,50.62,50.75,36000,5.20
1994-07-11,50.75,50.88,50.62,50.88,68800,5.21
1994-07-08,50.75,50.75,50.62,50.62,140800,5.19
1994-07-07,50.88,51.25,50.50,50.50,200000,5.17
1994-07-06,50.62,51.00,50.62,51.00,516800,5.23
1994-07-05,50.88,50.88,50.50,50.62,20400,5.19
1994-07-01,51.12,51.12,50.62,51.12,34000,5.24
1994-06-30,50.38,51.38,50.38,51.12,96000,5.24
1994-06-29,50.00,50.75,49.88,50.62,277200,5.19
1994-06-28,49.75,50.00,49.62,49.88,96400,5.11
1994-06-27,49.50,49.75,49.38,49.75,154000,5.10
1994-06-24,50.00,50.00,49.75,49.75,52400,5.10
1994-06-23,51.00,51.25,50.25,50.25,49600,5.15
1994-06-22,51.62,51.88,51.00,51.25,188800,5.25
1994-06-21,51.75,52.12,51.62,51.75,58800,5.30
1994-06-20,51.62,52.00,51.50,51.75,44000,5.30
1994-06-17,52.75,52.75,52.12,52.12,39600,5.34
1994-06-16,52.38,52.50,52.38,52.50,64000,5.38
1994-06-15,52.25,52.62,52.25,52.38,70800,5.37
1994-06-14,51.50,52.50,51.50,52.25,66400,5.35
1994-06-13,51.00,51.38,51.00,51.25,19600,5.25
1994-06-10,49.88,51.00,49.88,51.00,64400,5.23
1994-06-09,50.12,50.38,49.88,50.00,64400,5.12
1994-06-08,50.25,50.25,49.62,50.00,60800,5.12
1994-06-07,50.50,50.75,50.00,50.25,284000,5.15
1994-06-06,51.00,51.00,50.50,50.75,65600,5.20
1994-06-03,50.75,50.75,50.62,50.75,252800,5.20
1994-06-02,51.00,51.00,50.50,50.75,56400,5.20
1994-06-01,51.62,51.62,51.00,51.00,57600,5.23
1994-05-31,51.50,51.75,51.38,51.75,59600,5.30
1994-05-27,51.00,51.50,51.00,51.50,12000,5.28
1994-05-26,51.25,51.25,51.25,51.25,4000,5.25
1994-05-25,50.62,51.12,50.62,51.00,88000,5.23
1994-05-24,49.62,50.88,49.62,50.88,99200,5.21
1994-05-23,49.38,49.88,49.38,49.88,65200,5.11
1994-05-20,49.75,49.75,49.62,49.75,194800,5.07
1994-05-19,49.88,50.12,49.62,49.75,103600,5.07
1994-05-18,49.50,49.88,49.25,49.88,521200,5.08
1994-05-17,49.62,49.75,49.25,49.62,22400,5.06
1994-05-16,49.00,49.88,49.00,49.62,104000,5.06
1994-05-13,49.50,49.50,49.00,49.12,152400,5.01
1994-05-12,49.00,49.75,48.75,49.38,844000,5.03
1994-05-11,49.00,49.62,48.75,49.00,94400,4.99
1994-05-10,49.00,49.25,48.75,49.25,21200,5.02
1994-05-09,50.00,50.00,48.88,48.88,50800,4.98
1994-05-06,49.88,49.88,49.00,49.50,56400,5.05
1994-05-05,50.25,50.25,49.75,50.12,488000,5.11
1994-05-04,50.62,50.62,50.25,50.25,292400,5.12
1994-05-03,51.00,51.00,50.50,50.50,1344400,5.15
1994-05-02,53.00,53.00,51.00,51.50,155600,5.25
1994-04-29,53.38,53.38,52.88,53.25,186000,5.43
1994-04-28,53.25,53.62,53.00,53.25,121200,5.43
1994-04-26,52.25,53.25,52.25,53.25,35600,5.43
1994-04-25,51.38,52.00,51.38,52.00,202800,5.30
1994-04-22,50.88,51.50,50.88,51.12,80800,5.21
1994-04-21,52.00,52.25,50.88,50.88,174000,5.19
1994-04-20,51.62,51.88,51.50,51.88,70400,5.29
1994-04-19,52.38,52.38,51.50,51.50,97200,5.25
1994-04-18,53.00,53.00,52.12,52.38,80400,5.34
1994-04-15,53.12,53.38,52.75,53.00,71600,5.40
1994-04-14,52.00,53.25,52.00,53.12,55600,5.42
1994-04-13,52.50,52.75,52.00,52.00,68400,5.30
1994-04-12,52.88,52.88,52.12,52.25,71200,5.33
1994-04-11,52.50,52.88,52.38,52.38,104400,5.34
1994-04-08,52.88,52.88,52.12,52.38,40000,5.34
1994-04-07,52.88,53.00,52.75,52.88,40400,5.39
1994-04-06,53.00,53.38,52.88,53.12,86800,5.42
1994-04-05,53.12,53.25,52.50,53.00,182000,5.40
1994-04-04,53.00,53.75,52.50,53.12,150800,5.42
1994-03-31,53.50,54.12,53.25,54.00,175200,5.50
1994-03-30,54.88,54.88,53.12,53.38,77600,5.44
1994-03-29,56.00,56.00,54.25,54.88,62400,5.59
1994-03-28,55.88,56.38,55.00,55.38,122400,5.64
1994-03-25,55.25,55.88,55.25,55.50,42400,5.66
1994-03-24,54.25,55.00,54.25,55.00,165600,5.61
1994-03-23,54.00,54.25,54.00,54.25,52400,5.53
1994-03-22,54.62,54.62,53.50,54.25,325200,5.53
1994-03-21,55.12,55.12,54.25,54.50,162000,5.56
1994-03-18,55.62,55.62,55.00,55.12,195200,5.62
1994-03-17,55.75,55.75,55.25,55.38,102000,5.64
1994-03-16,54.75,56.12,54.25,56.00,450400,5.71
1994-03-15,55.12,55.50,55.00,55.00,134400,5.61
1994-03-14,55.00,56.00,55.00,55.38,242000,5.64
1994-03-11,54.88,55.25,54.62,55.25,125600,5.63
1994-03-10,53.25,55.38,53.25,55.00,1069200,5.61
1994-03-09,53.50,53.50,53.00,53.00,174800,5.40
1994-03-08,54.00,54.00,53.50,53.50,159600,5.45
1994-03-07,53.50,54.00,53.38,54.00,233200,5.50
1994-03-04,52.25,53.38,52.25,53.00,129200,5.40
1994-03-03,52.00,52.12,52.00,52.00,5200,5.30
1994-03-02,52.00,52.00,51.50,51.88,134400,5.29
1994-03-01,52.25,52.50,52.25,52.50,105200,5.35
1994-02-28,51.75,52.00,51.75,52.00,68000,5.30
1994-02-25,51.50,51.88,51.38,51.88,48800,5.29
1994-02-24,52.00,52.38,51.75,51.75,108800,5.28
1994-02-23,51.75,52.25,51.50,52.25,59200,5.33
1994-02-22,52.00,52.00,51.25,51.50,133200,5.25
1994-02-18,51.75,52.00,51.75,52.00,13200,5.30
1994-02-17,52.50,52.50,52.00,52.12,33600,5.29
1994-02-16,52.25,52.50,51.75,52.25,217600,5.30
1994-02-15,52.38,52.62,52.38,52.50,250400,5.33
1994-02-14,52.88,53.00,52.62,52.62,88000,5.34
1994-02-11,52.75,53.38,52.75,53.12,136400,5.39
1994-02-10,52.62,53.12,52.62,53.00,138800,5.38
1994-02-09,52.12,53.12,52.12,52.88,310400,5.36
1994-02-08,51.75,52.50,51.75,52.00,74800,5.27
1994-02-07,50.88,51.88,50.62,51.62,205200,5.24
1994-02-04,53.00,53.00,51.12,51.12,587200,5.19
1994-02-03,53.38,53.38,52.75,53.00,480000,5.38
1994-02-02,53.00,53.38,52.50,53.38,270400,5.41
1994-02-01,53.12,54.25,52.88,53.00,417200,5.38
1994-01-31,52.12,52.50,51.88,52.50,92800,5.33
1994-01-28,52.50,52.75,52.00,52.00,78000,5.27
1994-01-27,52.75,52.75,51.75,52.25,120800,5.30
1994-01-26,53.25,53.62,52.88,53.00,131200,5.38
1994-01-25,52.75,53.25,52.75,53.25,38000,5.40
1994-01-24,54.00,54.25,52.75,52.75,120400,5.35
1994-01-21,53.88,54.00,53.50,54.00,182400,5.48
1994-01-20,54.25,54.25,53.38,53.88,65600,5.46
1994-01-19,54.62,55.38,54.25,54.25,104000,5.50
1994-01-18,53.75,54.88,53.75,54.50,84000,5.53
1994-01-17,53.50,53.75,53.12,53.75,242800,5.45
1994-01-14,52.62,53.50,52.50,53.25,308400,5.40
1994-01-13,52.75,52.75,52.62,52.75,18800,5.35
1994-01-12,53.00,53.12,52.75,52.75,133200,5.35
1994-01-11,53.25,54.00,52.75,53.00,428000,5.38
1994-01-10,52.88,53.00,52.50,53.00,522800,5.38
1994-01-07,53.00,53.12,52.75,53.00,398000,5.38
1994-01-06,53.12,53.12,52.88,53.00,267600,5.38
1994-01-05,53.38,53.38,53.00,53.12,102000,5.39
1994-01-04,53.88,53.88,53.25,53.25,95600,5.40
1994-01-03,54.00,54.25,53.62,53.62,216400,5.44
1993-12-31,54.50,54.50,53.12,53.88,217600,5.46
1993-12-30,55.00,55.00,53.75,54.25,418400,5.50
1993-12-29,55.75,55.75,54.75,55.00,62800,5.58
1993-12-28,55.88,56.50,55.62,55.75,186800,5.65
1993-12-27,55.75,55.88,55.62,55.75,18400,5.65
1993-12-23,55.88,56.00,55.38,55.75,21200,5.65
1993-12-22,56.88,56.88,55.38,55.62,156000,5.64
1993-12-21,57.62,57.75,56.88,56.88,87200,5.77
1993-12-20,58.12,58.12,57.38,57.38,137600,5.82
1993-12-17,58.25,58.38,57.88,58.38,66800,5.92
1993-12-16,57.50,58.50,57.50,58.38,280000,5.92
1993-12-15,56.62,57.75,56.62,57.50,289600,5.83
1993-12-14,56.75,56.75,56.50,56.62,143200,5.74
1993-12-13,56.75,56.75,56.50,56.75,95200,5.76
1993-12-10,56.25,56.75,56.00,56.75,234800,5.76
1993-12-09,54.00,55.25,54.00,55.25,149600,5.60
1993-12-08,53.00,54.50,53.00,54.00,205600,5.48
1993-12-07,52.50,53.12,52.38,53.12,368400,5.39
1993-12-06,53.00,53.00,52.25,52.25,65600,5.30
1993-12-03,53.00,53.00,52.62,53.00,51200,5.38
1993-12-02,53.00,53.25,53.00,53.00,124400,5.38
1993-12-01,53.12,53.25,52.75,52.88,32800,5.36
1993-11-30,53.50,54.00,53.00,53.00,64800,5.38
1993-11-29,54.50,54.50,53.25,53.50,77200,5.43
1993-11-26,54.50,54.62,54.50,54.62,12000,5.54
1993-11-24,54.38,54.50,54.25,54.50,31200,5.53
1993-11-23,54.00,54.50,54.00,54.25,80000,5.50
1993-11-22,55.12,55.12,54.38,54.38,20000,5.52
1993-11-19,55.62,55.62,55.00,55.12,20000,5.59
1993-11-18,56.75,56.75,56.12,56.25,12800,5.68
1993-11-17,56.88,56.88,56.62,56.75,38800,5.73
1993-11-16,56.75,56.88,56.62,56.88,34800,5.74
1993-11-15,56.75,57.00,56.62,56.75,110000,5.73
1993-11-12,56.38,56.88,56.25,56.88,37600,5.74
1993-11-11,56.00,56.50,56.00,56.50,13600,5.70
1993-11-10,55.62,56.00,55.62,55.75,42800,5.63
1993-11-09,55.50,55.88,55.25,55.88,91200,5.64
1993-11-08,55.25,55.25,54.88,55.12,412000,5.57
1993-11-05,55.00,55.50,54.88,55.50,98400,5.60
1993-11-04,55.75,55.88,55.25,55.25,521200,5.58
1993-11-03,56.38,56.38,55.88,56.00,277200,5.65
1993-11-02,56.25,57.00,56.12,56.25,204400,5.68
1993-11-01,57.38,57.38,55.62,56.00,416000,5.65
1993-10-29,57.50,57.50,56.88,57.38,869600,5.79
1993-10-28,55.25,56.25,55.25,56.12,191600,5.67
1993-10-27,54.50,55.00,54.25,55.00,63200,5.55
1993-10-26,54.00,54.50,54.00,54.25,64000,5.48
1993-10-25,54.25,54.25,53.62,54.00,42000,5.45
1993-10-22,54.62,54.88,54.25,54.25,40400,5.48
1993-10-21,54.88,55.00,54.50,54.75,120800,5.53
1993-10-20,55.25,55.25,54.75,54.88,80400,5.54
1993-10-19,55.25,55.25,55.00,55.12,255200,5.57
1993-10-18,55.38,55.38,55.00,55.25,154800,5.58
1993-10-15,55.75,55.88,55.62,55.75,94800,5.63
1993-10-14,55.88,55.88,55.62,55.75,198000,5.63
1993-10-13,56.12,56.25,56.12,56.12,38400,5.67
1993-10-12,56.50,56.50,55.50,55.88,398000,5.64
1993-10-11,55.88,56.75,55.88,56.75,70800,5.73
1993-10-08,55.88,56.00,55.75,55.88,73600,5.64
1993-10-07,56.75,56.75,55.75,55.88,265600,5.64
1993-10-06,56.50,57.12,56.50,56.75,64800,5.73
1993-10-05,56.62,57.00,56.50,56.50,202400,5.70
1993-10-04,56.38,56.62,56.12,56.38,37200,5.69
1993-10-01,55.75,56.62,55.50,56.62,166000,5.72
1993-09-30,55.12,55.75,55.12,55.50,42400,5.60
1993-09-29,56.00,56.00,55.12,55.12,112000,5.57
1993-09-28,55.00,56.25,55.00,56.25,299200,5.68
1993-09-27,54.50,54.75,54.12,54.38,48000,5.49
1993-09-24,54.25,54.88,54.25,54.62,139600,5.51
1993-09-23,55.12,55.25,53.88,54.25,528400,5.48
1993-09-22,53.00,55.12,53.00,55.12,737600,5.57
1993-09-21,52.50,53.00,52.50,52.75,118000,5.33
1993-09-20,51.88,52.50,51.88,52.50,304400,5.30
1993-09-17,51.38,52.38,51.12,52.12,211600,5.26
1993-09-16,50.88,51.62,50.88,51.62,63200,5.21
1993-09-15,50.38,50.88,50.38,50.88,284400,5.14
1993-09-14,50.75,50.88,50.00,50.50,78000,5.10
1993-09-13,50.38,50.75,50.38,50.75,15200,5.12
1993-09-10,50.50,50.50,49.88,50.38,46400,5.09
1993-09-09,50.75,50.75,50.38,50.38,155600,5.09
1993-09-08,50.88,51.25,50.62,50.75,325600,5.12
1993-09-07,50.75,50.88,50.62,50.88,117600,5.14
1993-09-03,51.38,51.50,50.75,50.75,33200,5.12
1993-09-02,51.25,51.75,51.25,51.62,84400,5.21
1993-09-01,50.88,51.50,50.88,51.25,210800,5.17
1993-08-31,50.00,50.88,49.75,50.88,509200,5.14
1993-08-30,50.75,50.75,50.00,50.00,103200,5.05
1993-08-27,51.38,51.38,50.50,51.00,429200,5.15
1993-08-26,51.50,51.50,51.00,51.38,20000,5.19
1993-08-25,51.00,51.75,51.00,51.50,125200,5.20
1993-08-24,49.75,51.25,49.75,51.00,284800,5.15
1993-08-23,51.00,51.00,49.62,49.75,92000,5.02
1993-08-20,51.50,51.62,51.38,51.50,12400,5.17
1993-08-19,51.75,52.62,51.75,51.75,195600,5.20
1993-08-18,51.12,51.50,51.12,51.50,63200,5.17
1993-08-17,50.50,50.75,50.50,50.75,37600,5.10
1993-08-16,50.25,50.75,50.12,50.50,174400,5.07
1993-08-13,50.75,50.75,50.00,50.25,82800,5.05
1993-08-12,51.50,51.62,51.12,51.25,127600,5.15
1993-08-11,50.75,51.75,50.75,51.62,67200,5.19
1993-08-10,50.38,50.62,49.88,50.62,38000,5.09
1993-08-09,49.50,50.38,49.25,50.38,143200,5.06
1993-08-06,50.38,50.50,49.75,49.75,54000,5.00
1993-08-05,50.00,50.38,50.00,50.25,124000,5.05
1993-08-04,50.50,50.50,49.62,49.75,94800,5.00
1993-08-03,51.25,51.25,50.38,50.50,34800,5.07
1993-08-02,50.12,51.50,50.12,51.25,155600,5.15
1993-07-30,50.25,50.38,50.00,50.12,138000,5.04
1993-07-29,49.00,50.62,49.00,50.50,675200,5.07
1993-07-28,49.00,49.00,48.75,49.00,290800,4.92
1993-07-27,48.25,49.00,48.25,49.00,106400,4.92
1993-07-26,47.00,48.25,47.00,48.00,132400,4.82
1993-07-23,46.88,46.88,46.75,46.75,6000,4.70
1993-07-22,47.00,47.00,46.62,46.75,45200,4.70
1993-07-21,46.62,47.50,46.62,47.25,196000,4.75
1993-07-20,47.12,47.12,46.25,46.62,49200,4.68
1993-07-19,47.25,47.25,47.12,47.12,25600,4.73
1993-07-16,47.38,47.38,47.25,47.38,7200,4.76
1993-07-15,47.00,47.38,47.00,47.12,174400,4.73
1993-07-14,47.25,47.62,47.25,47.38,27200,4.76
1993-07-13,47.88,47.88,47.12,47.12,50000,4.73
1993-07-12,47.75,47.88,47.75,47.88,68400,4.81
1993-07-09,48.12,48.25,48.12,48.12,229600,4.83
1993-07-08,48.00,48.25,48.00,48.25,102400,4.85
1993-07-07,48.25,48.38,48.00,48.00,130800,4.82
1993-07-06,48.00,48.50,48.00,48.50,76400,4.87
1993-07-02,48.62,48.62,48.00,48.00,66800,4.82
1993-07-01,48.75,49.12,48.62,48.75,120000,4.90
1993-06-30,48.62,48.75,48.62,48.75,122400,4.90
1993-06-29,48.00,48.75,48.00,48.75,135600,4.90
1993-06-28,47.00,48.00,47.00,47.88,131200,4.81
1993-06-25,46.50,47.00,46.50,47.00,167600,4.72
1993-06-24,46.62,46.75,46.25,46.50,114800,4.67
1993-06-23,47.00,47.00,46.75,46.88,196800,4.71
1993-06-22,46.62,46.88,46.50,46.75,276800,4.70
1993-06-21,45.25,46.75,45.25,46.62,218000,4.68
1993-06-18,45.88,45.88,45.12,45.25,82800,4.55
1993-06-17,45.00,45.38,45.00,45.38,152000,4.56
1993-06-16,45.75,45.75,44.62,44.75,208400,4.50
1993-06-15,47.12,47.12,45.75,45.75,290400,4.60
1993-06-14,47.50,47.88,47.38,47.38,546400,4.76
1993-06-11,47.38,47.62,47.38,47.50,78800,4.77
1993-06-10,47.00,47.50,47.00,47.25,434400,4.75
1993-06-09,46.00,46.50,46.00,46.50,198000,4.67
1993-06-08,45.88,46.00,45.50,46.00,780800,4.62
1993-06-07,46.00,46.75,45.88,46.00,98400,4.62
1993-06-04,46.00,46.12,45.75,46.00,402000,4.62
1993-06-03,46.00,46.00,45.50,45.75,202400,4.60
1993-06-02,45.88,46.25,45.88,46.00,92800,4.62
1993-06-01,45.38,45.88,45.12,45.88,112800,4.61
1993-05-28,45.38,45.62,44.25,45.25,623200,4.55
1993-05-27,45.50,45.50,44.88,45.25,112000,4.55
1993-05-26,45.62,45.62,45.25,45.50,87600,4.57
1993-05-25,45.75,45.75,45.50,45.62,24000,4.58
1993-05-24,45.62,45.75,45.38,45.62,120000,4.58
1993-05-21,46.62,46.62,45.88,46.00,131600,4.59
1993-05-20,46.38,46.62,46.00,46.50,215600,4.64
1993-05-19,45.62,46.62,45.62,46.38,94400,4.63
1993-05-18,46.00,46.00,44.75,45.38,110400,4.53
1993-05-17,45.75,46.25,45.75,46.25,122400,4.62
1993-05-14,45.50,46.00,45.50,45.75,116000,4.57
1993-05-13,46.12,46.25,45.25,45.62,53600,4.56
1993-05-12,45.12,46.38,45.12,46.00,469200,4.59
1993-05-11,45.25,45.50,45.12,45.12,236400,4.51
1993-05-10,44.00,45.00,44.00,45.00,348800,4.49
1993-05-07,43.50,44.00,43.38,44.00,162400,4.39
1993-05-06,43.75,43.88,43.50,43.62,94400,4.36
1993-05-05,43.75,44.38,43.38,44.00,368800,4.39
1993-05-04,42.88,43.50,42.75,43.50,138800,4.34
1993-05-03,43.25,43.50,42.38,42.62,373200,4.26
1993-04-30,42.62,43.00,42.50,43.00,128800,4.29
1993-04-29,42.38,42.38,42.00,42.38,146000,4.23
1993-04-28,42.00,42.62,42.00,42.62,99200,4.26
1993-04-27,41.88,41.88,41.50,41.75,67200,4.17
1993-04-26,41.00,41.88,41.00,41.62,138400,4.16
1993-04-23,41.50,41.50,40.88,41.00,122000,4.10
1993-04-22,43.00,43.00,41.50,41.50,164000,4.15
1993-04-21,42.75,42.75,42.62,42.75,28000,4.27
1993-04-20,42.50,43.12,42.25,42.50,244400,4.25
1993-04-19,41.88,42.38,41.88,42.25,401200,4.22
1993-04-16,41.00,41.75,41.00,41.62,298400,4.16
1993-04-15,41.50,42.00,41.00,41.00,320800,4.10
1993-04-14,39.75,40.50,39.75,40.50,348800,4.05
1993-04-13,39.88,40.00,39.75,39.75,358800,3.97
1993-04-12,39.50,39.88,39.50,39.62,273600,3.96
1993-04-08,39.88,40.00,39.62,39.75,236000,3.97
1993-04-07,39.88,40.38,39.62,39.62,364400,3.96
1993-04-06,39.62,39.75,39.62,39.62,119200,3.96
1993-04-05,40.25,40.38,39.62,39.62,404000,3.96
1993-04-02,41.88,41.88,41.00,41.00,106800,4.10
1993-04-01,42.62,42.62,41.88,42.00,146800,4.20
1993-03-31,43.25,43.25,42.50,42.75,166000,4.27
1993-03-30,43.38,43.38,43.12,43.25,16800,4.32
1993-03-29,43.75,43.88,43.38,43.38,87600,4.33
1993-03-26,42.12,43.62,41.88,43.62,357600,4.36
1993-03-25,42.25,42.25,41.62,41.88,237200,4.18
1993-03-24,43.00,43.12,42.25,42.25,167600,4.22
1993-03-23,43.38,43.38,43.00,43.25,414400,4.32
1993-03-22,44.62,44.62,43.12,43.25,156400,4.32
1993-03-19,43.12,43.88,43.00,43.88,118000,4.38
1993-03-18,43.25,43.62,42.62,43.38,214800,4.33
1993-03-17,41.88,43.62,41.88,43.12,407200,4.31
1993-03-16,40.62,41.88,40.62,41.88,449600,4.18
1993-03-15,40.25,40.75,40.25,40.62,549600,4.06
1993-03-12,40.50,40.50,40.00,40.00,227200,4.00
1993-03-11,40.50,40.75,40.50,40.62,157600,4.06
1993-03-10,40.50,40.88,40.38,40.38,259200,4.03
1993-03-09,40.38,41.12,40.38,40.75,480800,4.07
1993-03-08,38.12,40.00,38.12,39.12,262800,3.91
1993-03-05,38.25,38.38,38.12,38.12,243200,3.81
1993-03-04,38.88,38.88,38.25,38.38,142400,3.83
1993-03-03,38.25,38.62,38.00,38.62,243200,3.86
1993-03-02,38.25,38.25,38.00,38.25,71600,3.82
1993-03-01,38.62,38.75,38.25,38.25,102000,3.82
1993-02-26,39.50,39.50,39.00,39.12,37600,3.91
1993-02-25,39.12,39.75,38.88,39.75,50000,3.97
1993-02-24,38.00,39.38,38.00,39.12,128800,3.91
1993-02-23,37.25,38.25,37.12,38.25,251600,3.82
1993-02-22,39.38,39.38,37.25,37.25,188000,3.72
1993-02-19,39.62,39.75,39.50,39.75,57200,3.94
1993-02-18,39.75,39.88,39.62,39.75,85600,3.94
1993-02-17,40.25,40.38,39.62,39.75,151200,3.94
1993-02-16,40.75,40.75,40.25,40.38,80400,4.01
1993-02-12,40.75,41.00,40.62,40.88,206800,4.06
1993-02-11,40.75,41.12,40.62,40.88,119200,4.06
1993-02-10,41.00,41.00,40.88,40.88,56800,4.06
1993-02-09,41.12,41.38,40.75,40.88,137600,4.06
1993-02-08,41.38,41.75,41.00,41.25,137200,4.09
1993-02-05,40.12,41.50,40.12,41.50,415200,4.12
1993-02-04,39.88,40.25,39.88,40.00,228000,3.97
1993-02-03,39.88,40.12,39.88,39.88,264000,3.96
1993-02-02,40.25,40.25,39.62,40.00,194800,3.97
1993-02-01,40.25,40.38,39.88,40.25,294000,3.99
1993-01-29,41.62,41.62,39.62,40.00,613200,3.97
1993-01-28,42.38,42.38,41.62,41.88,410000,4.16
1993-01-27,43.00,43.00,42.50,42.62,64400,4.23
1993-01-26,43.25,43.25,43.00,43.12,256000,4.28
1993-01-25,42.88,43.12,42.88,43.00,234400,4.27
1993-01-22,42.38,42.88,42.38,42.88,126800,4.25
1993-01-21,42.38,42.50,42.38,42.50,7200,4.22
1993-01-20,42.62,42.62,42.25,42.38,397200,4.20
1993-01-19,43.12,43.25,42.50,42.62,193600,4.23
1993-01-18,42.12,43.38,42.12,43.25,50400,4.29
1993-01-15,41.25,42.25,41.25,42.12,147600,4.18
1993-01-14,41.38,41.62,41.00,41.12,369200,4.08
1993-01-13,41.62,41.62,41.38,41.50,247600,4.12
1993-01-12,41.00,41.75,41.00,41.50,506400,4.12
1993-01-11,41.75,41.75,40.88,41.00,584000,4.07
1993-01-08,41.88,42.00,41.50,41.75,16000,4.14
1993-01-07,42.75,42.75,42.00,42.00,226400,4.17
1993-01-06,42.38,43.00,42.25,43.00,90800,4.27
1993-01-05,42.75,43.00,42.38,42.38,56400,4.20
1993-01-04,43.38,43.38,43.00,43.00,71200,4.27
1992-12-31,42.50,43.62,42.50,43.38,116000,4.30
1992-12-30,43.25,43.50,41.75,42.75,182800,4.24
1992-12-29,43.62,43.62,43.25,43.50,36800,4.32
1992-12-28,43.75,43.75,43.50,43.62,17200,4.33
1992-12-24,42.88,43.62,42.88,43.50,85600,4.32
1992-12-23,43.75,43.75,42.88,42.88,42800,4.25
1992-12-22,44.62,44.75,43.75,44.00,74000,4.37
1992-12-21,45.38,45.38,44.25,44.75,79600,4.44
1992-12-18,45.75,45.75,45.38,45.50,45200,4.51
1992-12-17,45.25,45.50,45.12,45.50,46400,4.51
1992-12-16,45.75,45.88,45.25,45.25,78800,4.49
1992-12-15,45.38,45.88,45.38,45.88,148800,4.55
1992-12-14,45.12,45.50,45.12,45.25,85200,4.49
1992-12-11,45.12,45.38,45.12,45.38,24000,4.50
1992-12-10,45.25,45.38,44.88,45.00,18400,4.47
1992-12-09,45.38,45.38,45.12,45.38,34400,4.50
1992-12-08,46.12,46.12,45.62,45.62,118400,4.53
1992-12-07,45.75,46.12,45.75,46.12,125200,4.58
1992-12-04,45.25,45.88,45.25,45.88,97200,4.55
1992-12-03,45.75,45.75,45.50,45.50,45600,4.51
1992-12-02,46.00,46.00,45.62,45.62,90400,4.53
1992-12-01,46.00,46.00,45.75,46.00,174400,4.56
1992-11-30,44.62,46.25,44.62,46.25,121600,4.59
1992-11-27,44.25,44.50,44.25,44.38,9600,4.40
1992-11-25,44.50,44.50,44.25,44.38,78400,4.40
1992-11-24,45.00,45.12,44.75,44.75,88400,4.44
1992-11-23,45.00,45.12,45.00,45.00,206800,4.47
1992-11-20,44.88,45.12,44.88,45.00,56800,4.47
1992-11-19,45.12,45.12,45.00,45.12,260000,4.45
1992-11-18,44.88,45.25,44.88,45.00,143200,4.44
1992-11-17,44.88,45.25,44.88,45.00,170800,4.44
1992-11-16,44.75,45.25,44.75,45.00,169200,4.44
1992-11-13,43.75,44.88,43.62,44.75,276400,4.41
1992-11-12,43.38,44.00,43.38,43.88,608800,4.33
1992-11-11,41.50,43.12,41.50,43.00,501200,4.24
1992-11-10,42.25,42.25,41.00,41.12,660800,4.06
1992-11-09,43.12,43.12,42.25,42.25,665600,4.17
1992-11-06,43.88,43.88,42.50,43.00,295200,4.24
1992-11-05,44.88,44.88,43.00,44.00,260000,4.34
1992-11-04,45.25,45.38,44.88,44.88,173200,4.43
1992-11-03,45.62,45.62,45.12,45.25,207200,4.46
1992-11-02,46.38,46.50,45.00,45.62,502000,4.50
1992-10-30,47.50,47.50,46.00,46.12,783200,4.55
1992-10-29,49.25,49.75,48.12,48.12,103600,4.75
1992-10-28,49.38,49.75,49.38,49.50,204000,4.88
1992-10-27,49.38,49.50,49.38,49.50,183600,4.88
1992-10-26,49.50,49.50,49.00,49.12,36400,4.85
1992-10-23,49.50,49.62,49.38,49.50,24800,4.88
1992-10-22,49.25,49.62,49.12,49.62,53600,4.90
1992-10-21,49.38,49.75,49.12,49.25,60800,4.86
1992-10-20,48.25,49.12,48.25,49.12,44400,4.85
1992-10-19,47.75,48.12,47.75,48.00,120400,4.74
1992-10-16,47.75,47.88,47.75,47.75,56000,4.71
1992-10-15,47.50,47.75,47.50,47.75,22400,4.71
1992-10-14,47.50,47.62,47.38,47.50,133200,4.69
1992-10-13,47.12,47.38,47.12,47.25,129200,4.66
1992-10-12,47.00,47.00,47.00,47.00,74400,4.64
1992-10-09,47.00,47.12,46.75,47.12,23200,4.65
1992-10-08,46.75,47.00,46.62,47.00,165600,4.64
1992-10-07,47.12,47.38,46.75,46.75,63600,4.61
1992-10-06,46.12,47.38,46.12,47.38,94800,4.67
1992-10-05,46.38,46.38,45.75,46.25,90800,4.56
1992-10-02,48.00,48.00,46.38,46.88,106800,4.62
1992-10-01,48.25,48.50,48.00,48.00,323200,4.74
1992-09-30,48.62,48.62,48.00,48.00,71600,4.74
1992-09-29,49.38,49.50,48.75,48.88,40800,4.82
1992-09-28,48.25,49.62,48.25,49.62,177200,4.90
1992-09-25,48.75,49.00,48.25,48.25,144400,4.76
1992-09-24,49.88,49.88,48.75,48.88,55200,4.82
1992-09-23,50.00,50.00,50.00,50.00,38400,4.93
1992-09-22,50.00,50.12,50.00,50.00,24400,4.93
1992-09-21,50.25,50.25,50.00,50.12,90000,4.95
1992-09-18,51.00,51.00,50.12,50.25,195600,4.96
1992-09-17,51.88,51.88,50.88,50.88,72800,5.02
1992-09-16,51.88,52.00,51.50,51.75,48400,5.11
1992-09-15,52.12,52.25,51.75,51.75,58000,5.11
1992-09-14,51.00,52.25,51.00,52.00,267600,5.13
1992-09-11,50.25,50.50,50.25,50.38,82400,4.97
1992-09-10,50.62,51.00,50.50,50.50,58000,4.98
1992-09-09,50.75,50.75,50.12,50.62,144400,4.99
1992-09-08,50.38,50.75,50.12,50.50,74000,4.98
1992-09-04,50.12,50.12,50.12,50.12,28000,4.95
1992-09-03,50.00,50.25,50.00,50.12,272800,4.95
1992-09-02,50.38,50.88,50.00,50.12,148800,4.95
1992-09-01,50.75,50.88,50.38,50.50,121200,4.98
1992-08-31,50.62,50.62,50.50,50.50,26000,4.98
1992-08-28,50.50,50.75,50.38,50.62,73600,4.99
1992-08-27,50.50,50.88,50.25,50.38,96400,4.97
1992-08-26,50.38,50.38,50.12,50.25,45600,4.96
1992-08-25,50.25,50.25,49.88,50.25,142000,4.96
1992-08-24,51.50,51.62,49.88,50.00,183600,4.93
1992-08-21,52.25,52.25,51.50,51.50,113600,5.08
1992-08-20,52.12,52.12,51.62,52.00,73600,5.13
1992-08-19,51.75,52.25,51.75,52.25,180800,5.15
1992-08-18,51.50,51.62,51.25,51.50,112800,5.08
1992-08-17,51.25,51.75,51.25,51.62,228000,5.09
1992-08-14,52.00,52.00,51.75,51.75,56400,5.08
1992-08-13,52.00,52.38,52.00,52.25,222400,5.13
1992-08-12,51.12,51.88,51.00,51.88,146800,5.09
1992-08-11,51.38,51.38,50.62,51.00,72000,5.01
1992-08-10,50.75,51.38,50.62,51.38,91600,5.04
1992-08-07,51.62,51.75,51.00,51.00,288800,5.01
1992-08-06,50.75,51.88,50.75,51.50,743200,5.06
1992-08-05,50.12,50.62,50.12,50.62,87200,4.97
1992-08-04,49.88,50.25,49.88,50.12,293200,4.92
1992-08-03,50.00,50.00,49.75,49.88,313600,4.90
1992-07-31,50.50,50.62,50.00,50.00,196000,4.91
1992-07-30,50.00,50.38,50.00,50.38,389600,4.94
1992-07-29,49.75,50.25,49.75,50.00,278000,4.91
1992-07-28,48.50,49.75,48.50,49.50,269200,4.86
1992-07-27,47.00,48.75,47.00,48.62,868800,4.77
1992-07-24,46.75,46.75,46.62,46.75,27200,4.59
1992-07-23,47.12,47.12,46.50,46.75,150000,4.59
1992-07-22,47.00,47.25,46.75,46.88,189600,4.60
1992-07-21,47.50,47.62,46.88,47.00,122800,4.61
1992-07-20,47.62,47.62,47.00,47.50,122400,4.66
1992-07-17,48.62,48.62,47.88,47.88,115600,4.70
1992-07-16,48.38,48.88,48.00,48.88,76000,4.80
1992-07-15,47.88,48.38,47.88,48.25,204800,4.74
1992-07-14,47.38,47.88,47.38,47.88,338400,4.70
1992-07-13,47.00,47.12,47.00,47.12,134400,4.63
1992-07-10,46.25,47.12,46.12,46.75,342800,4.59
1992-07-09,44.25,45.75,44.25,45.75,414400,4.49
1992-07-08,44.75,44.88,44.38,44.50,50000,4.37
1992-07-07,45.12,45.25,44.88,44.88,264800,4.41
1992-07-06,45.50,45.50,45.12,45.12,158000,4.43
1992-07-02,46.00,46.00,45.00,45.38,397600,4.45
1992-07-01,45.12,45.88,45.12,45.88,187200,4.50
1992-06-30,44.25,45.50,44.25,45.00,103200,4.42
1992-06-29,44.12,44.25,44.00,44.25,218000,4.34
1992-06-26,44.00,44.00,44.00,44.00,125200,4.32
1992-06-25,43.88,44.25,43.88,44.00,202800,4.32
1992-06-24,43.75,43.88,43.62,43.88,253200,4.31
1992-06-23,43.88,43.88,43.75,43.75,394800,4.29
1992-06-22,45.00,45.00,43.75,43.75,117200,4.29
1992-06-19,45.50,45.50,44.88,44.88,425600,4.41
1992-06-18,46.62,46.62,44.88,45.12,568800,4.43
1992-06-17,47.50,47.50,46.50,46.50,380800,4.56
1992-06-16,47.12,47.88,47.12,47.62,226000,4.67
1992-06-15,47.00,47.38,47.00,47.25,63200,4.64
1992-06-12,47.12,47.38,47.00,47.25,184400,4.64
1992-06-11,46.75,47.25,46.75,47.00,540400,4.61
1992-06-10,46.88,46.88,46.50,46.88,94000,4.60
1992-06-09,47.12,47.38,46.88,46.88,294800,4.60
1992-06-08,46.75,47.12,46.62,46.88,124800,4.60
1992-06-05,47.00,47.00,46.50,46.62,38000,4.58
1992-06-04,46.88,47.12,46.38,47.12,58800,4.63
1992-06-03,47.00,47.25,46.88,47.12,258400,4.63
1992-06-02,45.62,47.25,45.62,47.25,391200,4.64
1992-06-01,45.38,45.75,45.38,45.75,178800,4.49
1992-05-29,44.75,45.38,44.75,45.25,183600,4.44
1992-05-28,44.88,44.88,44.75,44.75,85600,4.39
1992-05-27,45.00,45.00,44.62,44.88,40800,4.41
1992-05-26,45.88,45.88,45.00,45.00,141200,4.42
1992-05-22,46.00,46.12,46.00,46.00,163200,4.52
1992-05-21,45.75,46.50,45.50,46.00,148400,4.52
1992-05-20,44.75,45.75,44.50,45.75,133200,4.49
1992-05-19,45.75,45.75,44.62,44.75,192400,4.39
1992-05-18,46.12,46.38,45.88,46.00,53200,4.52
1992-05-15,46.12,46.12,45.88,46.00,112400,4.49
1992-05-14,46.38,46.38,45.75,45.88,134800,4.48
1992-05-13,46.62,46.62,46.12,46.12,100800,4.50
1992-05-12,45.75,47.00,45.75,46.62,553200,4.55
1992-05-11,44.75,45.50,44.75,45.50,92400,4.44
1992-05-08,44.75,44.88,44.50,44.88,194400,4.38
1992-05-07,44.38,44.62,44.38,44.62,140400,4.36
1992-05-06,44.38,45.25,44.38,44.38,280800,4.33
1992-05-05,44.50,44.50,44.25,44.25,182400,4.32
1992-05-04,45.75,45.75,44.50,44.62,190800,4.36
1992-05-01,46.50,46.50,45.75,46.00,150000,4.49
1992-04-30,44.75,46.75,44.75,46.75,210000,4.56
1992-04-29,43.75,44.75,43.75,44.75,53600,4.37
1992-04-28,43.75,44.00,43.00,43.62,105600,4.26
1992-04-27,46.75,46.75,43.50,43.88,282400,4.28
1992-04-24,45.00,46.25,45.00,46.12,452400,4.50
1992-04-23,44.50,44.75,44.50,44.75,416000,4.37
1992-04-22,44.88,44.88,44.38,44.50,98400,4.34
1992-04-21,44.75,45.50,44.62,45.00,288800,4.39
1992-04-20,44.75,44.75,44.50,44.75,152000,4.37
1992-04-16,44.25,45.00,44.25,45.00,348000,4.39
1992-04-15,44.00,44.50,44.00,44.50,514400,4.34
1992-04-14,43.00,43.88,42.88,43.88,222400,4.28
1992-04-13,42.00,43.00,41.88,43.00,102000,4.20
1992-04-10,42.00,42.00,41.75,41.75,136000,4.08
1992-04-09,40.62,41.75,40.62,41.75,228000,4.08
1992-04-08,40.88,40.88,40.25,40.50,194800,3.95
1992-04-07,41.25,41.50,41.12,41.12,152400,4.01
1992-04-06,41.50,41.50,41.00,41.00,62000,4.00
1992-04-03,41.88,41.88,41.50,41.50,106000,4.05
1992-04-02,41.75,42.38,41.75,42.12,32000,4.11
1992-04-01,41.00,41.62,41.00,41.62,238800,4.06
1992-03-31,40.62,41.00,40.50,40.88,164400,3.99
1992-03-30,41.00,41.00,40.50,40.62,48400,3.97
1992-03-27,41.50,41.50,41.00,41.25,42800,4.03
1992-03-26,41.62,41.75,41.38,41.62,23200,4.06
1992-03-25,41.38,41.75,41.00,41.75,52800,4.08
1992-03-24,41.38,41.75,41.25,41.38,88400,4.04
1992-03-23,42.25,42.25,41.25,41.25,75200,4.03
1992-03-20,42.75,43.00,42.50,42.50,148400,4.15
1992-03-19,42.00,42.88,41.88,42.62,189200,4.16
1992-03-18,41.00,42.25,41.00,42.25,304800,4.12
1992-03-17,40.12,41.25,40.12,41.00,70000,4.00
1992-03-16,40.00,40.00,39.75,39.88,68000,3.89
1992-03-13,39.62,40.00,39.62,40.00,40400,3.90
1992-03-12,39.88,39.88,39.62,39.62,92400,3.87
1992-03-11,39.75,39.88,39.75,39.75,79600,3.88
1992-03-10,39.88,39.88,39.75,39.75,211200,3.88
1992-03-09,39.88,40.12,39.75,40.00,375600,3.90
1992-03-06,38.50,40.50,38.50,40.12,673200,3.92
1992-03-05,38.25,38.38,38.25,38.38,67600,3.75
1992-03-04,38.00,38.38,37.88,38.38,48000,3.75
1992-03-03,37.88,38.00,37.88,38.00,30400,3.71
1992-03-02,38.38,38.50,38.00,38.00,59600,3.71
1992-02-28,38.38,38.38,38.25,38.25,49200,3.73
1992-02-27,38.38,38.38,38.12,38.38,23200,3.75
1992-02-26,38.25,38.88,38.25,38.50,79200,3.76
1992-02-25,38.88,38.88,38.62,38.75,36400,3.78
1992-02-24,39.12,39.12,38.88,38.88,44000,3.79
1992-02-21,38.75,39.12,38.75,39.00,53600,3.78
1992-02-20,39.00,39.12,38.75,38.88,144800,3.77
1992-02-19,39.25,39.38,38.88,39.25,155600,3.81
1992-02-18,39.50,40.00,38.62,39.50,238800,3.83
1992-02-14,39.00,39.50,38.62,39.25,102000,3.81
1992-02-13,38.50,39.12,38.50,39.00,161600,3.78
1992-02-12,38.38,38.50,38.25,38.38,30400,3.72
1992-02-11,37.62,38.38,37.62,38.38,157200,3.72
1992-02-10,37.50,37.75,37.38,37.75,142000,3.66
1992-02-07,37.50,37.75,36.75,37.75,64400,3.66
1992-02-06,38.88,38.88,37.50,37.75,288000,3.66
1992-02-05,39.38,39.75,38.88,38.88,126000,3.77
1992-02-04,38.75,39.50,38.62,39.50,225200,3.83
1992-02-03,38.75,39.00,38.75,38.75,265200,3.76
1992-01-31,38.50,38.75,38.50,38.62,236400,3.74
1992-01-30,37.62,38.25,37.62,38.25,72800,3.71
1992-01-29,37.50,37.75,37.50,37.62,77600,3.65
1992-01-28,37.12,37.62,37.12,37.50,335600,3.64
1992-01-27,36.25,37.75,36.25,37.25,248000,3.61
1992-01-24,36.62,36.62,35.25,35.25,171600,3.42
1992-01-23,35.25,36.88,35.25,36.50,201200,3.54
1992-01-22,34.75,35.00,34.75,35.00,107200,3.39
1992-01-21,35.50,35.50,34.62,34.75,19600,3.37
1992-01-20,35.62,35.75,35.12,35.38,44000,3.43
1992-01-17,35.62,35.88,35.62,35.88,106400,3.48
1992-01-16,35.62,35.62,35.25,35.38,97600,3.43
1992-01-15,34.62,35.25,34.62,35.12,336800,3.41
1992-01-14,34.00,34.25,34.00,34.25,41200,3.32
1992-01-13,34.50,34.50,33.88,33.88,192800,3.28
1992-01-10,34.00,35.00,34.00,34.62,162400,3.36
1992-01-09,33.25,33.62,33.25,33.62,22400,3.26
1992-01-08,32.38,32.88,32.38,32.88,28800,3.19
1992-01-07,33.00,33.00,32.62,32.62,33600,3.16
1992-01-06,33.00,33.25,32.62,33.25,119200,3.22
1992-01-03,32.75,33.25,32.75,33.25,26000,3.22
1992-01-02,33.25,33.25,31.75,32.50,55600,3.15
1991-12-31,33.75,34.38,33.12,33.38,50000,3.24
1991-12-30,32.12,33.88,32.12,33.88,64800,3.28
1991-12-27,31.38,31.75,31.38,31.62,47200,3.07
1991-12-26,30.50,30.88,30.50,30.88,48000,2.99
1991-12-24,30.00,30.88,30.00,30.50,225200,2.96
1991-12-23,30.00,30.12,29.75,29.88,42800,2.90
1991-12-20,29.50,30.38,29.50,30.25,184000,2.93
1991-12-19,29.62,29.62,28.88,29.12,22400,2.82
1991-12-18,30.25,30.25,29.88,29.88,204000,2.90
1991-12-17,29.50,30.75,29.50,30.38,79200,2.95
1991-12-16,28.75,29.38,28.75,29.38,51200,2.85
1991-12-13,28.75,28.88,28.75,28.88,4400,2.80
1991-12-12,28.75,29.00,28.50,28.75,64800,2.79
1991-12-11,28.88,28.88,28.75,28.75,73600,2.79
1991-12-10,28.75,28.88,28.75,28.88,42000,2.80
1991-12-09,28.62,28.88,28.62,28.88,28800,2.80
1991-12-06,28.38,28.38,28.38,28.38,95600,2.75
1991-12-05,28.38,28.62,28.38,28.62,36400,2.78
1991-12-04,28.50,28.75,28.38,28.38,187600,2.75
1991-12-03,29.00,29.00,28.00,28.12,117600,2.73
1991-12-02,29.25,29.25,29.00,29.00,80400,2.81
1991-11-29,29.00,29.25,29.00,29.25,26800,2.84
1991-11-27,29.25,29.38,29.00,29.00,13200,2.81
1991-11-26,29.50,29.88,29.25,29.25,119600,2.84
1991-11-25,29.12,29.50,29.12,29.50,68800,2.86
1991-11-22,30.62,30.62,29.50,29.62,96400,2.87
1991-11-21,31.12,31.12,30.88,31.00,14000,3.01
1991-11-20,31.12,31.12,31.00,31.00,37200,3.01
1991-11-19,31.50,31.62,31.38,31.38,115600,3.04
1991-11-18,32.38,32.38,31.50,31.62,75200,3.07
1991-11-15,33.38,33.50,33.00,33.00,36000,3.17
1991-11-14,33.62,33.62,33.38,33.38,9600,3.21
1991-11-13,33.25,33.62,33.00,33.50,70000,3.22
1991-11-12,33.75,33.75,33.50,33.50,31200,3.22
1991-11-11,33.75,33.75,33.75,33.75,2800,3.25
1991-11-08,33.75,33.88,33.75,33.88,119600,3.26
1991-11-07,33.75,33.88,33.75,33.88,24400,3.26
1991-11-06,33.88,33.88,33.88,33.88,800,3.26
1991-11-05,33.88,34.00,33.75,34.00,119200,3.27
1991-11-04,33.88,34.00,33.88,33.88,13600,3.26
1991-11-01,34.00,34.00,33.88,33.88,14400,3.26
1991-10-31,33.50,33.75,33.50,33.75,140800,3.25
1991-10-30,34.00,34.00,33.62,33.62,84800,3.23
1991-10-29,34.62,34.62,34.00,34.00,44000,3.27
1991-10-28,34.38,34.75,34.12,34.62,64400,3.33
1991-10-25,34.88,34.88,34.12,34.12,24400,3.28
1991-10-24,34.88,35.25,34.50,35.00,192400,3.37
1991-10-23,33.62,34.50,33.12,34.50,158000,3.32
1991-10-22,33.62,33.62,33.50,33.50,21600,3.22
1991-10-21,33.62,33.62,33.50,33.62,1600,3.23
1991-10-18,33.62,33.62,33.50,33.50,8000,3.22
1991-10-17,33.50,33.50,33.25,33.38,8800,3.21
1991-10-16,33.38,33.75,33.38,33.75,97200,3.25
1991-10-15,33.50,33.50,33.00,33.25,46400,3.20
1991-10-14,33.38,33.38,33.25,33.38,2000,3.21
1991-10-11,32.75,33.38,32.75,33.38,35200,3.21
1991-10-10,32.50,33.00,32.50,33.00,35200,3.17
1991-10-09,32.50,32.62,32.50,32.62,98800,3.14
1991-10-08,32.62,32.62,32.50,32.50,18800,3.13
1991-10-07,33.00,33.00,32.50,32.50,35200,3.13
1991-10-04,32.88,33.00,32.75,32.88,58000,3.16
1991-10-03,33.00,33.25,32.75,32.75,136800,3.15
1991-10-02,33.00,33.25,32.88,33.00,228400,3.17
1991-10-01,33.00,33.00,33.00,33.00,27600,3.17
1991-09-30,33.12,33.12,33.00,33.00,8800,3.17
1991-09-27,32.50,33.25,32.50,33.12,36000,3.19
1991-09-26,32.25,32.50,32.25,32.38,42400,3.11
1991-09-25,32.88,32.88,32.25,32.25,70000,3.10
1991-09-24,32.25,32.88,32.25,32.88,36800,3.16
1991-09-23,31.88,32.12,31.88,32.12,40400,3.09
1991-09-20,31.75,31.88,31.62,31.88,189600,3.07
1991-09-19,31.12,31.50,31.12,31.50,32000,3.03
1991-09-18,31.00,31.12,31.00,31.00,33600,2.98
1991-09-17,31.00,31.25,31.00,31.00,56000,2.98
1991-09-16,30.88,31.12,30.75,30.88,114000,2.97
1991-09-13,30.62,30.75,30.62,30.75,20400,2.96
1991-09-12,30.38,30.50,30.38,30.50,14400,2.93
1991-09-11,30.12,30.50,30.12,30.38,27200,2.92
1991-09-10,30.75,30.75,30.12,30.25,45600,2.91
1991-09-09,30.88,30.88,30.62,30.62,11600,2.95
1991-09-06,30.75,30.88,30.62,30.75,44400,2.96
1991-09-05,30.50,30.62,30.50,30.62,7600,2.95
1991-09-04,30.00,30.50,30.00,30.50,17200,2.93
1991-09-03,30.50,30.50,30.25,30.25,10400,2.91
1991-08-30,30.12,30.62,30.12,30.62,90400,2.95
1991-08-29,30.00,30.00,30.00,30.00,16400,2.89
1991-08-28,30.12,30.25,30.00,30.00,116000,2.89
1991-08-27,30.00,30.12,30.00,30.12,21200,2.90
1991-08-26,30.00,30.00,30.00,30.00,24800,2.89
1991-08-23,29.75,30.12,29.75,30.00,91600,2.89
1991-08-22,30.50,30.50,29.88,29.88,61200,2.87
1991-08-21,30.50,30.50,30.38,30.38,24800,2.92
1991-08-20,30.00,30.38,30.00,30.25,102000,2.91
1991-08-19,30.62,30.62,29.88,30.00,36400,2.89
1991-08-16,31.38,31.38,31.25,31.25,6800,2.98
1991-08-15,31.12,31.38,31.12,31.25,39600,2.98
1991-08-14,31.25,31.25,31.12,31.12,47200,2.97
1991-08-13,31.25,31.25,31.12,31.12,39200,2.97
1991-08-12,31.12,31.25,31.12,31.25,31600,2.98
1991-08-09,31.00,31.12,31.00,31.00,14000,2.96
1991-08-08,31.25,31.25,31.12,31.12,83200,2.97
1991-08-07,31.00,31.12,31.00,31.12,25200,2.97
1991-08-06,30.75,31.12,30.75,31.12,71200,2.97
1991-08-05,30.62,30.62,30.62,30.62,6000,2.92
1991-08-02,30.62,30.75,30.62,30.75,10400,2.93
1991-08-01,30.50,30.62,30.38,30.38,30800,2.90
1991-07-31,31.00,31.12,30.62,30.75,24400,2.93
1991-07-30,30.75,31.12,30.75,31.12,25200,2.97
1991-07-29,30.25,31.12,30.25,30.88,108000,2.95
1991-07-26,30.00,30.38,30.00,30.25,10800,2.89
1991-07-25,29.75,30.12,29.75,30.12,5600,2.87
1991-07-24,29.88,29.88,29.62,29.88,11200,2.85
1991-07-23,30.00,30.12,30.00,30.12,11200,2.87
1991-07-22,30.50,30.50,29.75,30.00,96800,2.86
1991-07-19,30.50,30.62,30.50,30.50,16000,2.91
1991-07-18,30.38,30.50,30.38,30.50,4800,2.91
1991-07-17,29.88,30.50,29.75,30.50,37200,2.91
1991-07-16,29.88,30.12,29.75,30.00,41600,2.86
1991-07-15,29.75,29.88,29.75,29.75,2800,2.84
1991-07-12,29.38,29.75,29.38,29.75,20400,2.84
1991-07-11,29.12,29.38,29.12,29.38,124400,2.80
1991-07-10,29.00,29.12,29.00,29.12,200000,2.78
1991-07-09,28.38,29.00,28.38,29.00,62000,2.77
1991-07-08,28.62,28.88,28.62,28.75,46000,2.74
1991-07-05,28.88,28.88,28.62,28.62,7600,2.73
1991-07-03,29.00,29.00,28.75,28.75,24800,2.74
1991-07-02,29.00,29.12,29.00,29.00,84800,2.77
1991-07-01,29.38,29.50,29.25,29.25,35600,2.79
1991-06-28,29.50,29.62,29.12,29.25,222000,2.79
1991-06-27,29.50,29.75,29.50,29.50,182000,2.81
1991-06-26,29.25,29.50,29.25,29.50,153600,2.81
1991-06-25,29.88,29.88,29.38,29.38,142400,2.80
1991-06-24,30.00,30.00,29.88,29.88,41200,2.85
1991-06-21,30.38,30.38,29.88,29.88,62800,2.85
1991-06-20,30.25,30.50,30.25,30.50,171200,2.91
1991-06-19,30.50,30.50,30.38,30.38,52800,2.90
1991-06-18,30.38,30.50,30.38,30.50,173600,2.91
1991-06-17,30.50,30.50,30.12,30.25,108400,2.89
1991-06-14,30.38,30.38,30.00,30.25,74800,2.89
1991-06-13,30.12,30.50,30.12,30.50,124400,2.91
1991-06-12,30.38,30.38,30.25,30.38,44000,2.90
1991-06-11,30.00,30.25,30.00,30.12,49600,2.87
1991-06-10,30.62,30.62,30.12,30.12,25600,2.87
1991-06-07,30.75,30.75,30.50,30.62,375600,2.92
1991-06-06,31.00,31.00,30.88,30.88,59600,2.95
1991-06-05,30.12,31.12,30.12,31.00,362400,2.96
1991-06-04,30.00,30.12,30.00,30.00,130000,2.86
1991-06-03,29.50,30.38,29.50,30.38,38400,2.90
1991-05-31,29.25,29.50,29.00,29.50,400400,2.81
1991-05-30,28.88,29.12,28.88,29.12,268400,2.78
1991-05-29,28.75,28.88,28.62,28.88,116800,2.75
1991-05-28,28.75,28.75,28.38,28.62,191200,2.73
1991-05-24,28.88,28.88,28.62,28.75,109600,2.74
1991-05-23,29.12,29.12,28.50,28.75,236000,2.74
1991-05-22,29.12,29.25,29.12,29.12,8400,2.78
1991-05-21,29.12,29.25,29.00,29.00,39600,2.77
1991-05-20,29.25,29.38,29.12,29.25,247200,2.79
1991-05-17,30.00,30.00,29.88,29.88,7200,2.83
1991-05-16,30.25,30.25,30.00,30.12,36000,2.85
1991-05-15,31.00,31.00,30.38,30.50,30000,2.88
1991-05-14,31.50,31.62,31.00,31.00,22000,2.93
1991-05-13,31.88,31.88,31.38,31.38,12000,2.97
1991-05-10,31.75,31.88,31.75,31.88,44800,3.01
1991-05-09,31.88,31.88,31.75,31.88,28000,3.01
1991-05-08,32.00,32.00,31.88,31.88,29200,3.01
1991-05-07,32.38,32.38,32.12,32.12,8400,3.04
1991-05-06,32.12,32.38,32.00,32.25,29600,3.05
1991-05-03,31.88,32.12,31.88,32.00,32000,3.03
1991-05-02,32.12,32.12,31.88,32.00,25600,3.03
1991-05-01,31.75,32.12,31.75,32.12,43600,3.04
1991-04-30,31.88,32.00,31.75,31.88,956400,3.01
1991-04-29,33.88,33.88,31.75,31.88,237600,3.01
1991-04-26,35.00,35.00,34.25,34.38,112400,3.25
1991-04-25,35.12,35.38,35.00,35.00,41200,3.31
1991-04-24,35.00,35.50,35.00,35.12,31200,3.32
1991-04-23,35.12,35.12,35.00,35.00,35200,3.31
1991-04-22,35.38,35.38,34.88,35.00,649200,3.31
1991-04-19,35.62,35.75,35.38,35.50,94400,3.36
1991-04-18,35.50,35.62,35.50,35.50,39600,3.36
1991-04-17,35.88,35.88,35.50,35.50,111200,3.36
1991-04-16,35.38,35.62,35.25,35.62,44400,3.37
1991-04-15,35.12,35.38,35.00,35.38,35200,3.35
1991-04-12,34.88,35.00,34.75,34.88,250800,3.30
1991-04-11,34.25,34.50,34.12,34.38,33200,3.25
1991-04-10,34.00,34.25,34.00,34.25,15600,3.24
1991-04-09,33.75,34.75,33.75,34.50,61200,3.26
1991-04-08,35.25,35.25,35.00,35.00,40400,3.19
1991-04-05,34.75,35.00,34.75,35.00,31200,3.19
1991-04-04,34.38,35.12,34.25,34.75,225600,3.17
1991-04-03,34.00,34.50,34.00,34.50,10000,3.14
1991-04-02,34.00,34.25,34.00,34.12,56000,3.11
1991-04-01,34.00,34.00,33.75,33.88,76800,3.09
1991-03-28,33.75,34.12,33.75,34.00,62400,3.10
1991-03-27,34.75,34.75,34.25,34.75,147600,3.17
1991-03-26,35.62,35.62,34.38,34.62,98800,3.16
1991-03-25,35.38,35.62,35.38,35.50,54800,3.24
1991-03-22,35.50,35.62,35.50,35.50,69200,3.24
1991-03-21,35.25,35.62,35.12,35.50,66000,3.24
1991-03-20,34.25,35.50,34.25,35.38,56400,3.22
1991-03-19,34.38,34.38,34.00,34.25,34400,3.12
1991-03-18,34.75,34.75,34.38,34.50,17200,3.14
1991-03-15,34.88,34.88,34.62,34.62,13200,3.16
1991-03-14,34.00,35.50,34.00,35.12,168800,3.20
1991-03-13,33.62,33.62,33.38,33.38,23200,3.04
1991-03-12,33.75,33.75,33.62,33.62,12800,3.06
1991-03-11,33.75,34.25,33.75,34.00,32400,3.10
1991-03-08,34.00,34.25,33.75,33.75,96800,3.08
1991-03-07,34.00,34.25,33.75,34.25,99600,3.12
1991-03-06,32.62,33.88,32.62,33.88,556800,3.09
1991-03-05,31.50,32.38,31.50,32.38,288800,2.95
1991-03-04,31.88,31.88,31.50,31.50,204400,2.87
1991-03-01,31.75,31.88,31.62,31.75,69200,2.89
1991-02-28,31.88,32.12,31.75,31.75,196800,2.89
1991-02-27,31.75,31.75,31.50,31.75,296400,2.89
1991-02-26,31.12,31.75,31.12,31.75,323600,2.89
1991-02-25,30.88,31.25,30.75,31.12,200400,2.84
1991-02-22,30.50,30.88,30.50,30.62,346400,2.79
1991-02-21,31.12,31.25,30.62,30.62,330400,2.79
1991-02-20,31.75,31.75,30.88,31.00,171200,2.83
1991-02-19,32.75,32.75,31.50,31.88,88400,2.91
1991-02-15,33.38,33.50,32.75,32.75,133200,2.98
1991-02-14,33.12,33.50,33.12,33.25,195600,3.03
1991-02-13,32.88,33.38,32.88,33.12,54000,3.02
1991-02-12,32.75,33.12,32.75,33.12,282800,3.02
1991-02-11,32.25,33.00,32.25,33.00,251200,2.98
1991-02-08,32.12,32.50,32.12,32.50,75600,2.94
1991-02-07,31.25,32.38,31.25,32.12,149200,2.90
1991-02-06,30.50,31.12,30.50,31.12,113600,2.81
1991-02-05,30.00,30.38,30.00,30.38,131600,2.75
1991-02-04,29.88,30.38,29.88,30.00,202000,2.71
1991-02-01,28.88,29.62,28.88,29.62,41200,2.68
1991-01-31,28.62,29.12,28.62,28.75,76400,2.60
1991-01-30,27.75,28.88,27.75,28.88,144400,2.61
1991-01-29,27.38,27.75,27.38,27.75,307600,2.51
1991-01-28,27.00,27.50,27.00,27.50,134000,2.49
1991-01-25,27.25,27.38,27.00,27.00,118400,2.44
1991-01-24,26.75,27.00,26.62,27.00,73600,2.44
1991-01-23,26.75,27.12,26.75,27.00,18000,2.44
1991-01-22,27.88,27.88,27.00,27.00,204400,2.44
1991-01-21,28.25,28.25,28.00,28.00,7600,2.53
1991-01-18,28.25,28.25,28.12,28.25,41200,2.55
1991-01-17,28.00,28.12,28.00,28.12,317200,2.54
1991-01-16,27.88,27.88,27.88,27.88,4400,2.52
1991-01-15,28.00,28.00,27.75,27.88,16800,2.52
1991-01-14,28.50,28.50,28.25,28.25,62000,2.55
1991-01-11,28.62,28.62,28.50,28.50,91600,2.58
1991-01-10,28.75,28.75,28.50,28.75,83200,2.60
1991-01-09,28.62,28.88,28.62,28.62,89200,2.59
1991-01-08,28.50,28.75,28.50,28.75,41600,2.60
1991-01-07,29.12,29.12,28.25,28.50,558400,2.58
1991-01-04,28.50,28.88,28.50,28.75,5600,2.60
1991-01-03,28.75,28.75,28.38,28.50,22800,2.58
1991-01-02,28.75,28.75,28.62,28.62,11600,2.59
1990-12-31,28.38,28.75,28.38,28.75,32000,2.60
1990-12-28,28.50,28.62,28.38,28.38,31600,2.57
1990-12-27,28.50,28.62,28.38,28.38,47200,2.57
1990-12-26,28.38,28.38,28.12,28.38,138800,2.57
1990-12-24,28.62,28.75,28.38,28.38,22800,2.57
1990-12-21,28.88,28.88,28.25,28.38,104800,2.57
1990-12-20,28.88,29.00,28.88,29.00,14400,2.62
1990-12-19,28.50,29.00,28.50,29.00,197200,2.62
1990-12-18,28.88,28.88,28.38,28.38,105200,2.57
1990-12-17,28.88,29.12,28.88,29.12,66000,2.63
1990-12-14,29.00,29.12,29.00,29.12,81200,2.63
1990-12-13,29.00,29.12,29.00,29.12,105600,2.63
1990-12-12,29.88,29.88,29.12,29.12,56400,2.63
1990-12-11,30.00,30.25,29.62,29.62,70400,2.68
1990-12-10,30.00,30.12,30.00,30.00,263600,2.71
1990-12-07,30.12,30.12,30.00,30.12,163600,2.72
1990-12-06,30.25,30.38,29.88,29.88,27600,2.70
1990-12-05,29.38,30.00,29.25,30.00,90800,2.71
1990-12-04,29.25,29.25,29.12,29.25,54400,2.64
1990-12-03,28.88,29.00,28.88,29.00,23200,2.62
1990-11-30,28.75,29.00,28.75,29.00,33200,2.62
1990-11-29,28.75,29.00,28.75,28.88,68400,2.61
1990-11-28,28.75,28.88,28.75,28.88,94400,2.61
1990-11-27,28.50,28.88,28.50,28.75,159600,2.60
1990-11-26,28.25,28.62,28.25,28.62,29600,2.59
1990-11-23,28.38,28.62,28.25,28.25,22800,2.55
1990-11-21,28.12,28.50,28.12,28.50,13200,2.58
1990-11-20,28.62,28.62,28.12,28.25,74400,2.55
1990-11-19,28.25,28.38,28.12,28.38,90800,2.57
1990-11-16,28.00,28.25,27.88,28.25,22000,2.55
1990-11-15,28.00,28.25,28.00,28.25,455600,2.53
1990-11-14,28.00,28.38,28.00,28.12,58400,2.52
1990-11-13,28.12,28.25,27.88,27.88,21200,2.50
1990-11-12,28.00,28.00,28.00,28.00,53200,2.51
1990-11-09,28.00,28.38,28.00,28.00,28400,2.51
1990-11-08,28.12,28.12,28.00,28.00,11200,2.51
1990-11-07,28.00,28.25,28.00,28.00,93600,2.51
1990-11-06,28.00,28.25,28.00,28.00,237600,2.51
1990-11-05,28.25,28.50,28.00,28.00,54000,2.51
1990-11-02,28.25,28.62,28.12,28.25,58800,2.53
1990-11-01,27.88,28.00,27.75,28.00,55600,2.51
1990-10-31,27.62,27.75,27.62,27.62,256800,2.47
1990-10-30,27.75,28.00,27.62,27.62,288000,2.47
1990-10-29,25.50,27.50,25.50,27.50,139200,2.46
1990-10-26,25.38,25.50,25.12,25.50,263200,2.28
1990-10-25,25.25,25.38,24.88,25.38,73200,2.27
1990-10-24,24.88,25.25,24.88,25.12,8000,2.25
1990-10-23,24.50,24.88,24.50,24.88,26400,2.23
1990-10-22,24.00,24.50,24.00,24.38,105600,2.18
1990-10-19,23.88,24.00,23.88,23.88,40800,2.14
1990-10-18,23.75,23.75,23.38,23.62,140400,2.12
1990-10-17,23.62,23.88,23.62,23.88,47200,2.14
1990-10-16,23.25,23.75,23.25,23.62,75600,2.12
1990-10-15,23.50,23.50,23.25,23.38,54000,2.09
1990-10-12,23.25,23.50,23.00,23.38,154400,2.09
1990-10-11,24.38,24.50,23.25,23.25,213600,2.08
1990-10-10,25.00,25.00,24.25,24.38,73600,2.18
1990-10-09,25.00,25.00,24.88,25.00,68400,2.24
1990-10-08,25.00,25.25,25.00,25.12,42400,2.25
1990-10-05,25.12,25.38,25.00,25.25,53200,2.26
1990-10-04,25.00,25.38,25.00,25.38,28400,2.27
1990-10-03,25.50,25.50,24.88,25.12,396800,2.25
1990-10-02,25.62,26.38,25.62,25.62,326000,2.30
1990-10-01,25.25,26.00,25.12,25.75,104000,2.31
1990-09-28,25.00,25.12,25.00,25.12,26800,2.25
1990-09-27,25.50,25.50,25.00,25.00,82800,2.24
1990-09-26,25.75,25.75,25.50,25.62,99600,2.30
1990-09-25,26.00,26.25,25.75,25.75,294800,2.31
1990-09-24,26.12,26.12,26.00,26.12,78400,2.34
1990-09-21,26.50,26.50,26.00,26.00,30800,2.33
1990-09-20,26.50,26.62,26.25,26.25,41200,2.35
1990-09-19,25.88,26.62,25.88,26.50,143200,2.37
1990-09-18,25.75,26.00,25.62,26.00,240000,2.33
1990-09-17,25.00,25.88,24.88,25.75,328000,2.31
1990-09-14,25.50,25.50,25.25,25.25,219600,2.26
1990-09-13,26.38,26.38,25.75,25.75,233600,2.31
1990-09-12,27.12,27.12,26.00,26.25,130400,2.35
1990-09-11,27.38,27.38,27.12,27.12,79600,2.43
1990-09-10,28.00,28.00,27.62,27.62,42800,2.47
1990-09-07,27.50,28.00,27.50,28.00,94400,2.51
1990-09-06,28.12,28.12,27.25,27.62,105600,2.47
1990-09-05,28.25,28.25,28.12,28.12,46400,2.52
1990-09-04,28.38,28.50,28.25,28.38,144800,2.54
1990-08-31,28.25,28.62,28.25,28.62,140000,2.56
1990-08-30,28.75,28.75,28.38,28.38,58400,2.54
1990-08-29,28.50,28.75,28.50,28.75,31200,2.58
1990-08-28,29.00,29.25,28.50,28.50,132400,2.55
1990-08-27,28.75,29.38,28.75,29.12,188800,2.61
1990-08-24,28.50,28.75,28.38,28.62,235600,2.56
1990-08-23,29.50,29.50,28.25,28.25,151200,2.53
1990-08-22,31.00,31.00,29.62,29.75,44800,2.67
1990-08-21,31.50,31.50,31.12,31.25,184000,2.80
1990-08-20,31.25,31.50,31.12,31.38,62000,2.81
1990-08-17,32.00,32.00,31.62,31.75,429600,2.82
1990-08-16,32.38,32.38,32.12,32.12,303200,2.85
1990-08-15,32.75,32.75,32.50,32.50,16800,2.89
1990-08-14,32.25,32.62,32.25,32.50,32000,2.89
1990-08-13,32.62,32.62,32.38,32.38,34000,2.88
1990-08-10,32.38,32.50,32.25,32.38,64400,2.88
1990-08-09,32.38,32.62,32.38,32.50,185600,2.89
1990-08-08,32.62,32.75,32.38,32.50,175200,2.89
1990-08-07,32.88,33.00,32.50,32.62,127600,2.90
1990-08-06,32.62,32.62,32.00,32.62,438400,2.90
1990-08-03,33.12,33.38,32.50,32.75,294400,2.91
1990-08-02,33.25,33.62,33.00,33.00,424000,2.93
1990-08-01,32.50,32.88,32.50,32.75,249200,2.91
1990-07-31,32.38,33.00,32.38,32.50,246800,2.89
1990-07-30,31.75,32.50,31.62,32.38,86400,2.88
1990-07-27,30.75,31.75,30.75,31.75,195600,2.82
1990-07-26,31.62,31.62,30.00,30.50,298400,2.71
1990-07-25,31.75,31.75,31.62,31.62,22800,2.81
1990-07-24,32.00,32.00,31.75,31.75,48000,2.82
1990-07-23,32.38,32.38,32.00,32.00,17200,2.84
1990-07-20,32.50,32.50,32.38,32.38,102000,2.88
1990-07-19,32.62,32.62,32.25,32.50,91600,2.89
1990-07-18,32.62,32.75,32.50,32.50,33600,2.89
1990-07-17,32.62,32.88,32.62,32.75,100400,2.91
1990-07-16,32.25,32.50,32.12,32.50,24000,2.89
1990-07-13,32.00,32.38,32.00,32.12,222000,2.85
1990-07-12,32.00,32.12,32.00,32.00,72400,2.84
1990-07-11,32.12,32.25,32.00,32.00,127600,2.84
1990-07-10,32.25,32.38,32.12,32.12,82400,2.85
1990-07-09,32.38,32.38,32.00,32.25,344000,2.87
1990-07-06,32.38,32.38,32.25,32.25,26000,2.87
1990-07-05,32.38,32.38,32.25,32.38,54800,2.88
1990-07-03,32.38,32.50,32.25,32.38,170800,2.88
1990-07-02,32.50,32.50,32.38,32.38,66000,2.88
1990-06-29,32.75,32.75,32.38,32.50,82400,2.89
1990-06-28,32.50,32.75,32.50,32.75,157600,2.91
1990-06-27,32.12,32.62,32.12,32.50,52000,2.89
1990-06-26,32.12,32.50,32.12,32.25,163200,2.87
1990-06-25,32.62,32.62,32.12,32.25,232400,2.87
1990-06-22,32.50,32.75,32.50,32.75,104000,2.91
1990-06-21,32.38,32.62,32.25,32.62,50800,2.90
1990-06-20,32.88,32.88,32.12,32.38,41200,2.88
1990-06-19,33.00,33.00,32.75,32.88,22000,2.92
1990-06-18,33.12,33.50,32.88,33.00,213200,2.93
1990-06-15,33.25,33.38,33.12,33.25,118000,2.95
1990-06-14,34.00,34.00,33.50,33.50,88800,2.98
1990-06-13,33.75,34.12,33.50,34.12,96000,3.03
1990-06-12,33.75,33.88,33.50,33.88,76400,3.01
1990-06-11,33.50,33.75,33.38,33.38,84000,2.97
1990-06-08,33.50,33.75,33.50,33.75,102400,3.00
1990-06-07,33.50,33.62,33.25,33.50,229600,2.98
1990-06-06,33.38,33.50,33.38,33.50,20800,2.98
1990-06-05,33.62,33.62,33.25,33.25,156800,2.95
1990-06-04,33.00,33.75,33.00,33.75,95200,3.00
1990-06-01,32.88,33.12,32.62,33.12,174400,2.94
1990-05-31,32.75,33.00,32.75,32.75,81200,2.91
1990-05-30,32.88,33.25,32.62,33.00,149200,2.93
1990-05-29,31.75,32.62,31.75,32.62,230800,2.90
1990-05-25,31.50,31.75,31.50,31.62,14400,2.81
1990-05-24,31.25,31.75,31.12,31.50,45600,2.80
1990-05-23,31.00,31.12,30.75,31.00,324000,2.75
1990-05-22,30.88,31.12,30.75,30.88,701200,2.74
1990-05-21,30.50,31.00,30.50,30.88,165200,2.74
1990-05-18,30.88,30.88,30.62,30.75,79200,2.71
1990-05-17,31.00,31.12,30.75,30.75,66800,2.71
1990-05-16,30.88,31.25,30.88,31.12,278800,2.74
1990-05-15,30.88,31.00,30.75,31.00,70000,2.73
1990-05-14,31.00,31.12,30.75,31.00,88800,2.73
1990-05-11,30.25,30.88,30.25,30.88,433600,2.72
1990-05-10,30.50,30.62,30.25,30.38,84000,2.68
1990-05-09,30.88,30.88,30.50,30.62,163600,2.70
1990-05-08,31.00,31.00,30.38,30.62,350800,2.70
1990-05-07,31.38,31.38,31.12,31.12,43600,2.74
1990-05-04,31.50,31.62,31.38,31.50,139600,2.78
1990-05-03,31.25,31.62,31.25,31.50,813600,2.78
1990-05-02,31.38,31.38,31.00,31.00,91600,2.73
1990-05-01,30.38,31.25,30.38,31.25,122800,2.75
1990-04-30,30.50,30.62,30.50,30.50,61200,2.69
1990-04-27,31.12,31.12,30.75,30.75,16000,2.71
1990-04-26,30.62,31.38,30.50,31.00,202400,2.73
1990-04-25,30.62,30.62,30.50,30.62,47600,2.70
1990-04-24,30.50,30.62,30.50,30.50,56800,2.69
1990-04-23,31.38,31.38,30.50,30.62,268400,2.70
1990-04-20,31.62,31.62,31.38,31.50,130000,2.78
1990-04-19,31.50,31.62,31.50,31.50,206000,2.78
1990-04-18,31.88,31.88,31.62,31.62,38400,2.79
1990-04-17,32.25,32.25,31.88,31.88,34800,2.81
1990-04-16,32.00,32.25,32.00,32.12,739200,2.83
1990-04-12,31.62,32.25,31.62,32.00,59200,2.82
1990-04-11,31.38,31.50,31.38,31.50,432800,2.78
1990-04-10,31.50,31.50,31.00,31.50,220000,2.78
1990-04-09,32.00,32.00,31.62,31.75,18000,2.80
1990-04-06,32.62,32.75,32.00,32.00,36800,2.82
1990-04-05,32.75,32.75,32.38,32.62,130400,2.87
1990-04-04,33.00,33.00,32.50,32.62,65200,2.87
1990-04-03,32.88,33.12,32.50,32.75,61200,2.89
1990-04-02,33.00,33.00,32.62,32.88,18400,2.90
1990-03-30,33.12,33.25,33.00,33.25,187600,2.93
1990-03-29,33.38,33.38,33.25,33.25,13200,2.93
1990-03-28,33.50,33.75,33.25,33.25,56800,2.93
1990-03-27,33.00,33.75,33.00,33.62,28400,2.96
1990-03-26,33.38,33.38,32.62,33.00,246000,2.91
1990-03-23,33.38,33.38,32.75,33.12,261600,2.92
1990-03-22,33.50,33.62,33.50,33.50,67200,2.95
1990-03-21,33.88,33.88,33.62,33.62,65200,2.96
1990-03-20,33.88,33.88,33.62,33.88,136800,2.98
1990-03-19,34.00,34.00,33.88,33.88,135600,2.98
1990-03-16,33.88,34.00,33.88,33.88,24000,2.98
1990-03-15,33.88,34.00,33.75,33.88,7200,2.98
1990-03-14,33.88,33.88,33.62,33.88,214800,2.98
1990-03-13,33.62,33.88,33.62,33.62,8400,2.96
1990-03-12,33.25,33.88,33.25,33.88,49600,2.98
1990-03-09,33.38,33.62,33.25,33.50,127600,2.95
1990-03-08,33.38,33.62,33.38,33.50,79600,2.95
1990-03-07,33.75,33.75,33.62,33.62,29200,2.96
1990-03-06,33.88,33.88,33.25,33.75,92400,2.97
1990-03-05,33.62,34.00,33.62,34.00,135200,3.00
1990-03-02,33.50,34.00,33.50,34.00,809600,3.00
1990-03-01,32.75,33.62,32.75,33.62,104800,2.96
1990-02-28,33.00,33.00,32.50,33.00,83200,2.91
1990-02-27,33.12,33.25,33.12,33.12,10000,2.92
1990-02-26,33.25,33.38,33.25,33.25,37200,2.93
1990-02-23,33.38,33.50,33.25,33.50,14800,2.95
1990-02-22,33.38,33.75,33.25,33.62,59600,2.96
1990-02-21,33.50,33.75,33.25,33.38,208400,2.94
1990-02-20,34.00,34.12,33.75,33.75,532800,2.97
1990-02-16,34.12,34.25,34.00,34.25,55600,3.02
1990-02-15,34.12,34.25,34.00,34.25,276800,2.99
1990-02-14,34.62,34.62,34.12,34.25,44400,2.99
1990-02-13,34.75,34.75,34.50,34.50,19200,3.02
1990-02-12,34.88,34.88,34.50,34.75,44000,3.04
1990-02-09,35.75,35.75,34.88,35.00,184800,3.06
1990-02-08,34.25,35.38,34.25,35.38,197600,3.09
1990-02-07,33.75,34.25,33.75,34.25,120400,2.99
1990-02-06,34.00,34.25,33.62,33.88,31600,2.96
1990-02-05,34.50,34.50,34.12,34.12,204400,2.98
1990-02-02,34.50,34.62,34.25,34.38,126400,3.01
1990-02-01,34.75,35.12,34.38,34.62,592800,3.03
1990-01-31,32.88,34.38,32.88,34.38,658400,3.01
1990-01-30,33.00,33.12,33.00,33.00,110800,2.89
1990-01-29,33.62,33.62,33.00,33.00,162400,2.89
1990-01-26,33.25,33.50,33.00,33.50,130800,2.93
1990-01-25,33.75,33.75,33.25,33.38,62800,2.92
1990-01-24,33.88,33.88,33.25,33.88,209200,2.96
1990-01-23,34.00,34.25,34.00,34.12,450400,2.98
1990-01-22,34.12,34.12,33.88,34.00,243600,2.97
1990-01-19,33.50,34.00,33.50,34.00,439200,2.97
1990-01-18,33.50,33.50,33.38,33.50,9600,2.93
1990-01-17,33.00,33.50,33.00,33.50,369600,2.93
1990-01-16,33.25,33.25,31.75,32.62,168000,2.85
1990-01-15,33.62,33.62,33.38,33.38,30000,2.92
1990-01-12,34.50,34.50,33.75,33.75,42800,2.95
1990-01-11,35.38,35.38,34.75,34.88,615200,3.05
1990-01-10,35.50,35.50,34.88,35.12,57600,3.07
1990-01-09,35.88,35.88,35.38,35.38,48400,3.09
1990-01-08,36.38,36.50,35.75,36.00,124800,3.15
1990-01-05,36.75,36.75,36.50,36.62,11600,3.20
1990-01-04,36.88,36.88,36.62,36.88,105600,3.22
1990-01-03,37.12,37.88,37.12,37.12,199600,3.25
1990-01-02,36.38,36.88,36.12,36.75,15200,3.21
1989-12-29,36.25,36.50,36.12,36.38,135200,3.18
1989-12-28,36.12,36.75,36.00,36.38,203200,3.18
1989-12-27,35.38,36.25,35.38,36.12,107200,3.16
1989-12-26,35.00,35.38,35.00,35.38,101600,3.09
1989-12-22,35.00,35.25,34.88,35.25,118000,3.08
1989-12-21,35.12,35.38,35.00,35.12,46000,3.07
1989-12-20,35.62,35.75,34.75,34.88,180400,3.05
1989-12-19,35.62,35.75,35.50,35.62,49600,3.11
1989-12-18,36.38,36.38,35.50,35.50,144400,3.10
1989-12-15,37.12,37.12,36.50,36.50,134000,3.19
1989-12-14,37.25,37.25,37.00,37.12,127600,3.25
1989-12-13,36.38,37.38,36.25,37.00,625200,3.24
1989-12-12,35.25,36.25,35.25,36.25,335600,3.17
1989-12-11,36.00,36.00,35.00,35.00,128800,3.06
1989-12-08,36.00,36.00,35.75,35.75,26000,3.13
1989-12-07,35.75,36.00,35.62,35.88,56400,3.14
1989-12-06,35.75,36.38,35.75,35.88,181600,3.14
1989-12-05,35.50,35.88,35.50,35.75,107600,3.13
1989-12-04,35.75,35.75,35.50,35.50,50800,3.10
1989-12-01,35.50,35.88,35.50,35.88,102800,3.14
1989-11-30,36.00,36.00,35.50,35.62,93600,3.11
1989-11-29,35.62,36.25,35.62,36.00,73600,3.15
1989-11-28,35.50,35.88,35.38,35.88,59600,3.14
1989-11-27,36.00,36.50,35.50,35.50,173200,3.10
1989-11-24,36.75,36.75,36.00,36.00,22400,3.15
1989-11-22,36.25,36.62,36.12,36.62,205600,3.20
1989-11-21,35.62,36.25,35.62,36.12,93600,3.16
1989-11-20,36.12,36.12,35.38,35.62,208800,3.11
1989-11-17,35.62,36.50,35.62,36.00,485600,3.15
1989-11-16,33.38,35.50,33.25,35.50,1617600,3.08
1989-11-15,33.38,33.62,33.38,33.62,14400,2.92
1989-11-14,33.38,33.50,33.38,33.50,40000,2.91
1989-11-13,33.75,33.75,33.38,33.38,28400,2.90
1989-11-10,34.00,34.00,33.88,34.00,22000,2.95
1989-11-09,33.75,33.88,33.62,33.88,11200,2.94
1989-11-08,33.25,33.62,33.12,33.62,514800,2.92
1989-11-07,33.00,33.25,33.00,33.12,289200,2.88
1989-11-06,33.25,33.25,32.88,33.00,142000,2.86
1989-11-03,33.50,34.25,33.50,33.50,314400,2.91
1989-11-02,33.50,33.50,33.25,33.50,8400,2.91
1989-11-01,33.88,33.88,33.62,33.75,22000,2.93
1989-10-31,33.75,34.00,33.62,33.88,101200,2.94
1989-10-30,33.12,33.75,33.00,33.62,60000,2.92
1989-10-27,33.25,33.38,33.00,33.00,90800,2.86
1989-10-26,33.75,33.88,33.00,33.12,55200,2.88
1989-10-25,34.12,34.12,33.62,33.88,33600,2.94
1989-10-24,34.62,34.62,33.75,34.12,60400,2.96
1989-10-23,34.88,35.12,34.62,34.62,139200,3.01
1989-10-20,35.00,35.00,34.75,34.75,55200,3.02
1989-10-19,34.88,35.00,34.75,35.00,58400,3.04
1989-10-18,35.00,35.12,34.75,35.12,141600,3.05
1989-10-17,35.25,35.25,35.00,35.00,168400,3.04
1989-10-16,35.25,35.38,35.00,35.25,253200,3.06
1989-10-13,36.75,36.75,35.75,35.75,72400,3.10
1989-10-12,37.00,37.00,36.62,36.75,72000,3.19
1989-10-11,37.12,38.00,37.00,37.12,169200,3.22
1989-10-10,37.25,37.38,37.12,37.12,263200,3.22
1989-10-09,37.25,37.38,37.25,37.25,80000,3.23
1989-10-06,37.12,37.38,37.12,37.38,61200,3.24
1989-10-05,37.25,37.38,37.00,37.25,199600,3.23
1989-10-04,37.00,37.62,36.88,37.50,260800,3.25
1989-10-03,36.38,37.62,36.38,37.00,308800,3.21
1989-10-02,35.50,36.62,35.38,36.62,90000,3.18
1989-09-29,35.38,35.62,35.38,35.62,84000,3.09
1989-09-28,35.12,35.50,35.00,35.25,123600,3.06
1989-09-27,35.50,35.50,34.75,34.88,36400,3.03
1989-09-26,35.75,35.75,35.50,35.50,44800,3.08
1989-09-25,35.62,35.75,35.38,35.75,63600,3.10
1989-09-22,36.00,36.12,35.62,36.00,82000,3.12
1989-09-21,36.50,36.50,36.25,36.25,95600,3.15
1989-09-20,36.38,36.75,36.38,36.50,157600,3.17
1989-09-19,36.75,36.75,36.38,36.50,98800,3.17
1989-09-18,36.50,37.00,36.50,36.50,76400,3.17
1989-09-15,37.75,37.88,36.50,36.50,110000,3.17
1989-09-14,37.88,38.00,37.50,37.62,74800,3.27
1989-09-13,37.75,38.00,37.75,38.00,40400,3.30
1989-09-12,37.75,37.75,37.62,37.75,36400,3.28
1989-09-11,38.00,38.00,37.75,38.00,39200,3.30
1989-09-08,38.25,38.25,37.88,38.00,70800,3.30
1989-09-07,38.12,38.50,38.12,38.12,61200,3.31
1989-09-06,39.12,39.12,38.25,38.25,63200,3.32
1989-09-05,39.25,39.25,39.00,39.00,63200,3.39
1989-09-01,38.75,39.25,38.75,39.25,80400,3.41
1989-08-31,39.00,39.12,39.00,39.00,15200,3.39
1989-08-30,39.38,39.38,38.88,39.12,77200,3.40
1989-08-29,39.00,39.38,39.00,39.12,33200,3.40
1989-08-28,39.00,39.00,38.88,39.00,28800,3.39
1989-08-25,39.38,39.38,39.00,39.12,96400,3.40
1989-08-24,39.25,39.38,39.12,39.25,125200,3.41
1989-08-23,39.50,39.62,39.25,39.25,78800,3.41
1989-08-22,39.00,39.38,39.00,39.38,51200,3.42
1989-08-21,39.38,39.38,38.75,39.00,104800,3.39
1989-08-18,39.75,39.88,39.62,39.75,91600,3.43
1989-08-17,39.62,39.88,39.62,39.75,12800,3.43
1989-08-16,39.75,39.88,39.75,39.75,71200,3.43
1989-08-15,39.88,39.88,39.75,39.88,163200,3.44
1989-08-14,39.62,40.25,39.62,40.00,125200,3.45
1989-08-11,40.00,40.00,39.75,39.75,173200,3.43
1989-08-10,39.62,40.00,39.62,39.88,133600,3.44
1989-08-09,39.88,40.00,39.62,39.75,55600,3.43
1989-08-08,40.00,40.00,39.62,39.75,108000,3.43
1989-08-07,39.62,40.25,39.50,40.00,55200,3.45
1989-08-04,39.38,39.50,39.25,39.38,137600,3.40
1989-08-03,39.25,39.38,39.00,39.38,88800,3.40
1989-08-02,39.50,39.50,39.25,39.38,45600,3.40
1989-08-01,39.75,39.75,39.25,39.38,156000,3.40
1989-07-31,39.62,39.88,39.38,39.75,160800,3.43
1989-07-28,39.50,39.50,39.25,39.50,299600,3.41
1989-07-27,40.38,40.62,38.75,39.50,633200,3.41
1989-07-26,40.38,40.50,40.00,40.50,119600,3.49
1989-07-25,40.75,40.88,40.25,40.38,147200,3.48
1989-07-24,41.00,41.25,40.62,40.88,82000,3.52
1989-07-21,41.12,41.50,41.00,41.12,253600,3.55
1989-07-20,40.00,41.50,40.00,41.38,554400,3.57
1989-07-19,40.50,40.62,40.12,40.25,31200,3.47
1989-07-18,40.75,40.75,40.38,40.50,24400,3.49
1989-07-17,40.50,40.75,40.38,40.50,80400,3.49
1989-07-14,40.75,40.75,40.12,40.38,73600,3.48
1989-07-13,40.88,41.00,40.62,40.75,249200,3.51
1989-07-12,40.12,41.00,39.75,40.75,280400,3.51
1989-07-11,39.12,40.50,39.12,40.25,412000,3.47
1989-07-10,39.75,39.75,39.00,39.00,68000,3.36
1989-07-07,39.50,40.00,39.50,39.75,160000,3.43
1989-07-06,39.75,39.75,39.62,39.75,67200,3.43
1989-07-05,39.62,40.00,39.38,39.88,99200,3.44
1989-07-03,39.00,39.50,39.00,39.50,18400,3.41
1989-06-30,39.50,39.75,38.88,39.00,62800,3.36
1989-06-29,39.62,40.00,39.25,39.75,143200,3.43
1989-06-28,40.62,40.62,39.62,39.75,331600,3.43
1989-06-27,40.25,40.62,40.25,40.50,350400,3.49
1989-06-26,40.75,40.75,40.38,40.38,83600,3.48
1989-06-23,40.50,40.62,40.50,40.62,102800,3.50
1989-06-22,40.62,40.62,40.50,40.50,102800,3.49
1989-06-21,40.50,40.75,40.38,40.75,69200,3.51
1989-06-20,40.25,40.50,40.25,40.38,208400,3.48
1989-06-19,40.75,41.00,40.12,40.25,292400,3.47
1989-06-16,40.75,41.50,40.75,41.00,371600,3.54
1989-06-15,41.88,41.88,41.00,41.00,322400,3.54
1989-06-14,41.12,41.75,41.12,41.75,157600,3.60
1989-06-13,41.75,41.75,41.12,41.25,338400,3.56
1989-06-12,41.88,41.88,41.50,41.75,325600,3.60
1989-06-09,41.88,41.88,41.38,41.75,203600,3.60
1989-06-08,41.38,41.75,41.38,41.62,94400,3.59
1989-06-07,41.12,41.50,41.12,41.50,263600,3.58
1989-06-06,41.75,41.75,41.00,41.25,339200,3.56
1989-06-05,42.00,42.00,41.00,41.75,253600,3.60
1989-06-02,41.75,42.38,41.75,42.12,350400,3.63
1989-06-01,41.38,42.00,41.38,41.88,138400,3.61
1989-05-31,41.38,41.62,41.38,41.50,106400,3.58
1989-05-30,41.12,41.75,41.12,41.50,554400,3.58
1989-05-26,41.25,41.50,40.50,41.38,317600,3.57
1989-05-25,40.50,41.00,40.50,41.00,719600,3.54
1989-05-24,40.25,40.62,40.25,40.62,692400,3.50
1989-05-23,40.25,40.50,40.00,40.50,524000,3.49
1989-05-22,42.12,42.12,40.00,40.12,507600,3.46
1989-05-19,42.50,42.50,42.12,42.50,218400,3.64
1989-05-18,42.62,42.62,42.25,42.62,665200,3.65
1989-05-17,43.75,43.75,42.38,42.50,847600,3.64
1989-05-16,44.50,44.62,44.00,44.00,450000,3.77
1989-05-15,43.88,44.62,43.75,44.38,134800,3.80
1989-05-12,44.00,44.00,43.75,43.88,158800,3.76
1989-05-11,43.62,43.62,43.38,43.62,181200,3.74
1989-05-10,43.38,43.50,43.38,43.50,154400,3.73
1989-05-09,43.50,43.62,43.38,43.38,118000,3.72
1989-05-08,43.50,43.62,43.38,43.50,114000,3.73
1989-05-05,43.62,44.00,43.50,43.62,167200,3.74
1989-05-04,43.38,43.38,43.00,43.38,352800,3.72
1989-05-03,43.25,43.38,43.12,43.25,366000,3.71
1989-05-02,44.00,44.12,43.38,43.38,72400,3.72
1989-05-01,43.75,44.12,43.75,44.00,220800,3.77
1989-04-28,44.38,44.38,43.88,44.00,37200,3.77
1989-04-27,44.00,44.50,44.00,44.38,484800,3.80
1989-04-26,43.75,44.25,43.75,43.88,409600,3.76
1989-04-25,43.25,44.12,43.25,43.88,271200,3.76
1989-04-24,43.38,43.38,43.12,43.25,70800,3.71
1989-04-21,43.25,43.25,43.00,43.12,273200,3.70
1989-04-20,43.12,43.38,43.00,43.00,235600,3.69
1989-04-19,43.00,43.25,43.00,43.12,150000,3.70
1989-04-18,42.62,43.25,42.62,43.00,264800,3.69
1989-04-17,43.12,43.12,42.50,42.50,126400,3.64
1989-04-14,43.25,43.38,43.00,43.12,164400,3.70
1989-04-13,43.25,43.25,43.12,43.12,182800,3.70
1989-04-12,43.00,43.38,43.00,43.38,122000,3.72
1989-04-11,43.12,43.38,43.00,43.00,188000,3.69
1989-04-10,43.25,43.25,43.00,43.12,138400,3.70
1989-04-07,43.00,43.25,42.88,43.12,203200,3.70
1989-04-06,43.50,43.50,43.12,43.12,85200,3.70
1989-04-05,43.25,43.75,43.25,43.62,176000,3.74
1989-04-04,43.25,43.50,43.25,43.38,114000,3.72
1989-04-03,42.62,43.12,42.50,43.00,506000,3.69
1989-03-31,42.25,42.75,42.25,42.62,219200,3.65
1989-03-30,42.38,42.38,42.12,42.25,330800,3.62
1989-03-29,42.00,42.75,41.88,42.50,205600,3.64
1989-03-28,42.00,42.00,41.75,42.00,590000,3.60
1989-03-27,41.50,41.88,41.50,41.75,232800,3.58
1989-03-23,42.12,42.12,41.25,41.62,842000,3.57
1989-03-22,42.50,42.50,42.38,42.38,275200,3.63
1989-03-21,42.75,42.88,42.50,42.50,156400,3.64
1989-03-20,43.62,43.62,42.75,42.75,35200,3.66
1989-03-17,44.12,44.12,43.50,43.50,355600,3.73
1989-03-16,43.62,44.12,43.62,43.88,535200,3.76
1989-03-15,44.25,44.38,43.88,43.88,121200,3.76
1989-03-14,43.88,44.38,43.75,44.38,181200,3.80
1989-03-13,43.75,43.75,43.62,43.62,208000,3.74
1989-03-10,43.75,43.75,43.38,43.50,148400,3.73
1989-03-09,44.50,44.50,43.75,43.75,247600,3.75
1989-03-08,44.50,45.00,43.75,45.00,924000,3.86
1989-03-07,44.25,44.50,44.12,44.25,226400,3.79
1989-03-06,43.62,44.00,43.25,44.00,143200,3.77
1989-03-03,43.62,43.88,43.50,43.62,90000,3.74
1989-03-02,43.88,43.88,43.62,43.62,56400,3.74
1989-03-01,43.50,44.00,43.50,43.50,146800,3.73
1989-02-28,43.12,43.38,43.12,43.25,82400,3.71
1989-02-27,43.12,43.12,42.88,43.00,147200,3.69
1989-02-24,43.38,43.50,43.12,43.25,104000,3.71
1989-02-23,42.75,43.25,42.75,43.25,61200,3.71
1989-02-22,43.12,43.38,42.62,43.00,147200,3.69
1989-02-21,42.12,43.62,42.12,43.25,326400,3.71
1989-02-17,42.12,42.25,42.00,42.25,179600,3.62
1989-02-16,42.00,42.50,42.00,42.25,172400,3.60
1989-02-15,42.38,42.50,41.62,42.25,303200,3.60
1989-02-14,42.88,42.88,42.50,42.50,134400,3.62
1989-02-13,43.00,43.12,42.88,43.00,82800,3.66
1989-02-10,42.75,43.38,42.62,42.88,201200,3.65
1989-02-09,43.50,43.50,43.00,43.00,29200,3.66
1989-02-08,44.12,44.12,43.62,43.75,172800,3.73
1989-02-07,43.12,44.38,43.12,44.25,142800,3.77
1989-02-06,42.50,42.88,41.75,42.88,100000,3.65
1989-02-03,42.50,42.75,42.50,42.50,70000,3.62
1989-02-02,42.75,42.75,42.38,42.75,167200,3.64
1989-02-01,42.75,42.75,42.25,42.75,213600,3.64
1989-01-31,43.00,43.00,42.25,42.75,217600,3.64
1989-01-30,43.50,43.50,42.75,43.00,107600,3.66
1989-01-27,44.75,44.75,43.75,43.75,326400,3.73
1989-01-26,45.12,45.12,44.50,44.50,773200,3.79
1989-01-25,44.62,44.88,44.12,44.88,548400,3.82
1989-01-24,43.50,45.00,43.25,44.25,1050400,3.77
1989-01-23,44.00,44.25,42.75,43.50,415200,3.71
1989-01-20,43.38,44.25,43.38,44.00,843200,3.75
1989-01-19,41.50,42.75,41.38,41.75,537200,3.56
1989-01-18,39.75,40.50,39.50,40.00,194400,3.41
1989-01-17,39.25,39.50,39.12,39.50,90400,3.36
1989-01-16,38.62,39.00,38.62,39.00,62400,3.32
1989-01-13,38.88,39.00,38.75,38.75,258400,3.30
1989-01-12,39.00,39.12,39.00,39.00,355600,3.32
1989-01-11,38.88,39.00,38.88,38.88,282400,3.31
1989-01-10,39.00,39.00,38.88,38.88,30000,3.31
1989-01-09,39.12,39.25,39.00,39.25,47600,3.34
1989-01-06,39.00,39.25,39.00,39.25,40400,3.34
1989-01-05,38.00,39.00,38.00,39.00,186800,3.32
1989-01-04,38.00,38.50,38.00,38.25,73200,3.26
1989-01-03,37.75,38.00,37.75,37.75,96400,3.22
1988-12-30,37.62,38.00,37.62,38.00,84800,3.24
1988-12-29,37.50,38.00,37.50,37.62,79600,3.20
1988-12-28,37.00,37.50,36.88,37.50,102000,3.19
1988-12-27,36.75,36.88,36.62,36.88,32000,3.14
1988-12-23,36.88,36.88,36.75,36.75,2000,3.13
1988-12-22,36.62,36.75,36.50,36.75,94800,3.13
1988-12-21,37.50,37.50,36.75,36.88,58000,3.14
1988-12-20,37.62,37.62,37.38,37.38,126800,3.18
1988-12-19,37.62,37.75,37.50,37.62,229200,3.20
1988-12-16,37.62,37.75,37.50,37.75,361600,3.22
1988-12-15,38.12,38.12,37.62,37.62,139600,3.20
1988-12-14,38.00,38.12,37.88,38.12,53600,3.25
1988-12-13,38.00,38.25,37.75,38.25,251200,3.26
1988-12-12,38.00,38.00,37.88,37.88,31600,3.23
1988-12-09,38.00,38.12,37.75,37.75,59600,3.22
1988-12-08,37.62,37.88,37.62,37.75,47600,3.22
1988-12-07,37.12,37.75,37.12,37.75,124400,3.22
1988-12-06,36.50,37.00,36.50,36.88,89600,3.14
1988-12-05,36.62,37.00,36.50,36.50,360400,3.11
1988-12-02,36.50,36.50,36.12,36.38,43200,3.10
1988-12-01,36.62,36.75,36.62,36.62,13600,3.12
1988-11-30,36.88,36.88,36.50,36.62,58000,3.12
1988-11-29,37.00,37.00,36.75,36.88,192400,3.14
1988-11-28,36.50,37.00,36.50,37.00,107600,3.15
1988-11-25,36.62,36.75,36.62,36.75,8400,3.13
1988-11-23,36.62,36.88,36.62,36.75,14000,3.13
1988-11-22,37.00,37.12,36.75,36.75,46400,3.13
1988-11-21,37.25,37.25,37.00,37.25,44000,3.17
1988-11-18,37.00,37.75,37.00,37.25,398400,3.15
1988-11-17,36.12,36.88,36.12,36.88,171600,3.12
1988-11-16,36.00,36.25,35.62,35.88,120400,3.04
1988-11-15,36.88,37.12,35.50,36.00,204400,3.05
1988-11-14,37.38,37.50,37.12,37.25,242000,3.15
1988-11-11,37.50,37.62,37.38,37.62,43600,3.18
1988-11-10,37.88,37.88,37.50,37.50,635200,3.17
1988-11-09,37.88,38.00,37.88,37.88,209600,3.21
1988-11-08,37.75,38.00,37.75,37.88,181200,3.21
1988-11-07,38.88,38.88,37.62,37.75,65200,3.20
1988-11-04,38.75,39.25,38.62,38.62,70800,3.27
1988-11-03,38.75,39.00,38.50,39.00,244400,3.30
1988-11-02,37.50,38.75,37.50,38.75,140800,3.28
1988-11-01,37.00,37.38,37.00,37.25,62800,3.15
1988-10-31,37.12,37.12,37.00,37.00,93200,3.13
1988-10-28,38.00,38.12,37.00,37.12,92400,3.14
1988-10-27,39.00,39.00,37.75,37.75,208000,3.20
1988-10-26,39.00,39.25,39.00,39.12,115600,3.31
1988-10-25,39.12,39.12,39.00,39.00,20800,3.30
1988-10-24,39.38,39.38,39.12,39.12,48400,3.31
1988-10-21,39.25,39.62,39.12,39.38,156400,3.33
1988-10-20,39.38,39.50,39.12,39.25,107600,3.32
1988-10-19,39.25,39.50,39.12,39.12,38000,3.31
1988-10-18,38.25,39.38,38.25,39.12,502000,3.31
1988-10-17,38.25,38.50,38.00,38.25,65600,3.24
1988-10-14,38.75,38.75,38.25,38.38,152800,3.25
1988-10-13,39.00,39.38,38.75,38.88,115200,3.29
1988-10-12,39.50,39.50,39.00,39.00,90800,3.30
1988-10-11,39.50,39.62,39.12,39.50,147200,3.34
1988-10-10,39.62,39.75,39.62,39.62,48000,3.35
1988-10-07,38.88,39.62,38.88,39.62,160400,3.35
1988-10-06,38.75,38.88,38.62,38.88,88000,3.29
1988-10-05,38.88,39.00,38.50,38.50,196000,3.26
1988-10-04,38.75,39.00,38.75,38.88,78000,3.29
1988-10-03,38.62,38.88,38.38,38.75,125600,3.28
1988-09-30,39.62,39.88,38.75,38.75,178000,3.28
1988-09-29,40.00,40.25,39.38,39.62,117600,3.35
1988-09-28,40.12,40.50,39.88,40.25,222800,3.41
1988-09-27,39.50,41.75,39.50,39.88,753600,3.38
1988-09-26,39.50,39.62,39.50,39.50,91600,3.34
1988-09-23,39.25,39.62,39.25,39.62,83600,3.35
1988-09-22,39.62,39.62,39.38,39.38,179200,3.33
1988-09-21,39.25,39.62,39.25,39.38,132000,3.33
1988-09-20,39.12,39.50,39.12,39.38,118800,3.33
1988-09-19,39.62,39.62,39.25,39.38,93200,3.33
1988-09-16,39.38,39.62,39.12,39.38,105200,3.33
1988-09-15,39.75,39.75,39.25,39.25,120400,3.32
1988-09-14,39.50,39.75,39.38,39.50,96000,3.34
1988-09-13,39.62,39.62,39.25,39.25,53600,3.32
1988-09-12,39.38,39.62,39.25,39.50,44400,3.34
1988-09-09,39.75,39.75,39.50,39.50,152400,3.34
1988-09-08,39.38,39.50,39.38,39.50,268000,3.34
1988-09-07,39.50,39.50,39.25,39.25,610800,3.32
1988-09-06,39.38,39.50,39.00,39.50,324000,3.34
1988-09-02,39.75,39.75,39.12,39.38,84400,3.33
1988-09-01,39.50,39.62,39.12,39.50,149600,3.34
1988-08-31,39.88,39.88,39.50,39.75,165600,3.36
1988-08-30,39.00,39.88,39.00,39.62,362800,3.35
1988-08-29,39.12,39.12,38.25,38.88,232400,3.29
1988-08-26,39.50,39.50,39.12,39.38,181600,3.33
1988-08-25,38.88,39.62,38.50,39.50,429600,3.34
1988-08-24,37.12,39.75,37.12,39.38,503600,3.33
1988-08-23,36.88,37.25,36.75,37.00,242000,3.13
1988-08-22,37.50,37.62,37.00,37.12,193600,3.12
1988-08-19,37.50,37.75,37.38,37.62,282400,3.17
1988-08-18,37.38,37.75,37.25,37.38,263200,3.14
1988-08-17,36.25,37.38,36.25,37.25,686000,3.13
1988-08-16,36.88,37.00,36.25,36.25,542400,3.05
1988-08-15,36.75,38.12,36.75,37.00,970800,3.11
1988-08-12,34.25,34.25,33.62,34.00,90800,2.86
1988-08-11,34.75,34.75,34.38,34.50,28800,2.90
1988-08-10,35.50,35.50,34.75,34.75,38800,2.92
1988-08-09,36.12,36.12,35.50,35.75,46800,3.01
1988-08-08,36.25,36.50,36.00,36.25,71200,3.05
1988-08-05,36.38,36.50,36.25,36.50,50400,3.07
1988-08-04,36.50,36.50,36.50,36.50,23600,3.07
1988-08-03,36.25,36.75,36.25,36.62,93200,3.08
1988-08-02,36.12,36.25,36.00,36.00,152400,3.03
1988-08-01,36.38,36.50,36.00,36.00,54000,3.03
1988-07-29,36.00,36.62,36.00,36.38,181600,3.06
1988-07-28,36.00,36.12,36.00,36.00,117200,3.03
1988-07-27,36.25,36.25,35.38,35.38,272400,2.98
1988-07-26,36.25,36.25,36.12,36.12,93600,3.04
1988-07-25,36.00,36.12,36.00,36.12,48800,3.04
1988-07-22,36.75,36.75,36.12,36.12,126400,3.04
1988-07-21,36.50,36.88,36.25,36.88,246800,3.10
1988-07-20,36.50,36.50,36.25,36.38,63200,3.06
1988-07-19,36.75,36.75,36.38,36.50,143200,3.07
1988-07-18,37.00,37.12,36.50,36.75,372800,3.09
1988-07-15,37.00,37.00,36.62,36.88,82400,3.10
1988-07-14,36.88,37.12,36.50,36.75,347200,3.09
1988-07-13,37.12,37.12,36.25,36.75,68400,3.09
1988-07-12,38.25,38.62,37.12,37.25,102400,3.13
1988-07-11,37.50,38.38,37.50,38.38,206400,3.23
1988-07-08,38.25,38.38,37.75,37.75,79600,3.18
1988-07-07,38.75,38.88,38.38,38.50,187600,3.24
1988-07-06,39.75,39.88,39.00,39.00,332000,3.28
1988-07-05,40.62,40.62,39.88,40.00,144000,3.36
1988-07-01,39.75,40.75,39.62,40.75,503600,3.43
1988-06-30,39.62,39.88,39.50,39.88,171600,3.35
1988-06-29,39.50,39.50,39.25,39.38,199600,3.31
1988-06-28,39.12,39.50,39.00,39.38,184400,3.31
1988-06-27,39.38,39.38,39.25,39.25,38000,3.30
1988-06-24,39.50,39.50,39.00,39.50,290000,3.32
1988-06-23,39.50,39.62,39.00,39.50,335600,3.32
1988-06-22,39.75,39.88,39.38,39.50,459600,3.32
1988-06-21,39.75,39.88,39.50,39.75,280400,3.34
1988-06-20,39.75,39.75,39.38,39.62,367600,3.33
1988-06-17,38.62,40.00,38.62,39.88,374800,3.35
1988-06-16,38.38,38.88,38.12,38.75,211200,3.26
1988-06-15,38.25,38.25,38.12,38.12,49600,3.21
1988-06-14,37.75,38.12,37.50,38.00,666400,3.20
1988-06-13,37.50,37.62,37.25,37.50,127200,3.15
1988-06-10,37.50,37.88,37.38,37.38,126400,3.14
1988-06-09,37.38,37.75,37.38,37.75,356000,3.18
1988-06-08,37.12,37.75,37.12,37.62,230800,3.17
1988-06-07,37.25,37.25,36.75,37.00,57600,3.11
1988-06-06,37.12,37.25,36.88,37.25,178800,3.13
1988-06-03,37.38,37.38,37.00,37.25,94800,3.13
1988-06-02,36.38,37.25,36.12,37.25,276000,3.13
1988-06-01,36.00,36.75,35.88,36.25,92800,3.05
1988-05-31,35.00,36.00,35.00,36.00,353200,3.03
1988-05-27,34.62,35.25,34.62,35.12,53200,2.95
1988-05-26,34.25,35.00,34.25,34.88,76000,2.93
1988-05-25,34.62,34.62,34.25,34.25,53200,2.88
1988-05-24,34.50,34.75,34.50,34.62,160000,2.91
1988-05-23,34.75,34.75,34.50,34.62,74800,2.89
1988-05-20,34.75,35.00,34.62,35.00,158800,2.92
1988-05-19,35.25,35.38,34.50,34.88,229600,2.91
1988-05-18,36.00,36.00,35.38,35.38,296800,2.96
1988-05-17,36.12,36.62,36.00,36.12,379600,3.02
1988-05-16,35.75,36.12,35.75,36.00,205200,3.01
1988-05-13,35.62,36.00,35.50,35.75,335600,2.99
1988-05-12,35.88,35.88,35.50,35.50,398000,2.97
1988-05-11,36.25,36.25,35.75,35.75,343200,2.99
1988-05-10,36.25,36.50,36.00,36.50,238800,3.05
1988-05-09,36.25,36.38,35.88,36.38,202800,3.04
1988-05-06,36.50,36.62,36.12,36.12,191600,3.02
1988-05-05,37.12,37.12,36.38,36.38,236800,3.04
1988-05-04,37.00,37.12,36.88,37.00,220000,3.09
1988-05-03,36.88,37.00,36.75,36.88,275600,3.08
1988-05-02,37.25,37.25,37.00,37.00,80000,3.09
1988-04-29,37.38,37.38,37.00,37.38,253600,3.12
1988-04-28,38.75,38.75,37.00,37.25,598000,3.11
1988-04-27,37.38,39.00,37.38,38.75,858400,3.24
1988-04-26,37.00,37.12,36.62,37.12,272000,3.10
1988-04-25,36.75,37.00,36.62,36.88,134000,3.08
1988-04-22,36.00,37.12,36.00,36.75,237200,3.07
1988-04-21,35.75,35.75,35.62,35.75,45600,2.99
1988-04-20,35.75,36.00,35.75,35.88,160000,3.00
1988-04-19,35.75,36.25,35.50,36.00,103200,3.01
1988-04-18,35.38,35.88,35.38,35.75,75200,2.99
1988-04-15,35.62,35.62,35.25,35.50,93200,2.97
1988-04-14,36.38,36.38,35.50,35.50,123600,2.97
1988-04-13,36.38,36.62,36.38,36.62,149200,3.06
1988-04-12,36.62,36.62,36.25,36.62,105600,3.06
1988-04-11,36.12,36.75,36.00,36.75,120800,3.07
1988-04-08,35.38,36.62,35.12,36.38,168800,3.04
1988-04-07,35.25,35.38,34.88,35.38,385200,2.96
1988-04-06,35.25,36.00,35.25,35.38,112400,2.96
1988-04-05,35.75,35.75,35.00,35.12,152800,2.94
1988-04-04,36.00,36.00,35.50,35.50,126000,2.97
1988-03-31,36.25,36.25,35.50,36.00,198400,3.01
1988-03-30,36.50,36.50,35.38,36.00,323600,3.01
1988-03-29,37.00,37.38,36.38,36.50,290800,3.05
1988-03-28,37.62,37.62,36.88,37.00,292800,3.09
1988-03-25,37.75,38.75,37.75,38.00,541600,3.18
1988-03-24,38.00,38.50,37.38,38.00,848000,3.18
1988-03-23,37.38,38.50,36.62,38.50,1566800,3.22
1988-03-22,37.62,38.25,37.00,37.12,1075600,3.10
1988-03-21,37.00,37.00,36.12,36.75,228400,3.07
1988-03-18,37.25,38.12,36.75,37.00,838800,3.09
1988-03-17,36.50,36.88,36.25,36.75,204400,3.07
1988-03-16,36.12,36.50,35.25,36.50,270400,3.05
1988-03-15,37.25,37.38,35.75,35.88,264800,3.00
1988-03-14,34.12,37.38,34.12,37.12,832800,3.10
1988-03-11,33.62,33.88,33.50,33.88,350000,2.83
1988-03-10,34.62,34.75,33.50,33.50,307600,2.80
1988-03-09,33.50,34.50,33.50,34.50,370000,2.88
1988-03-08,33.38,33.50,33.38,33.50,109200,2.80
1988-03-07,33.38,33.50,33.25,33.38,219200,2.79
1988-03-04,33.75,33.75,33.38,33.62,110800,2.81
1988-03-03,34.12,34.12,33.75,33.88,167200,2.83
1988-03-02,33.62,34.12,33.62,34.00,202400,2.84
1988-03-01,33.50,33.62,33.25,33.38,43200,2.79
1988-02-29,33.38,33.62,33.00,33.38,47200,2.79
1988-02-26,33.50,33.62,33.50,33.50,163600,2.80
1988-02-25,34.25,34.25,33.25,33.25,186000,2.78
1988-02-24,34.12,34.12,33.88,34.00,64000,2.84
1988-02-23,33.62,34.25,33.62,34.12,137200,2.85
1988-02-22,33.75,33.75,33.50,33.75,49200,2.82
1988-02-19,33.25,33.62,33.25,33.62,89600,2.81
1988-02-18,33.12,33.62,33.12,33.50,99600,2.78
1988-02-17,33.25,33.25,33.12,33.12,60000,2.75
1988-02-16,32.88,33.25,32.75,33.12,94800,2.75
1988-02-12,32.50,32.75,32.38,32.75,58400,2.72
1988-02-11,32.12,32.38,32.00,32.25,163600,2.68
1988-02-10,31.75,32.12,31.75,32.12,65600,2.67
1988-02-09,31.50,31.75,31.50,31.62,88800,2.62
1988-02-08,31.75,31.88,31.62,31.75,131600,2.63
1988-02-05,32.00,32.12,31.88,31.88,116000,2.65
1988-02-04,32.25,32.25,31.88,32.25,148000,2.68
1988-02-03,32.00,32.38,32.00,32.25,370000,2.68
1988-02-02,32.25,32.50,32.00,32.00,558400,2.66
1988-02-01,31.38,32.38,31.38,32.38,322800,2.69
1988-01-29,30.25,31.50,30.25,31.50,262400,2.61
1988-01-28,30.12,30.25,30.12,30.25,131600,2.51
1988-01-27,30.00,30.00,29.62,30.00,122400,2.49
1988-01-26,30.00,30.25,29.75,29.75,204800,2.47
1988-01-25,29.38,29.75,29.38,29.75,414800,2.47
1988-01-22,30.00,30.00,29.12,29.12,264800,2.42
1988-01-21,30.50,30.50,29.88,29.88,306000,2.48
1988-01-20,31.38,31.38,30.62,30.75,84000,2.55
1988-01-19,31.50,31.50,31.12,31.12,148800,2.58
1988-01-18,30.88,31.88,30.88,31.88,93600,2.65
1988-01-15,32.25,32.50,30.50,30.50,419200,2.53
1988-01-14,32.50,32.50,31.88,32.00,154000,2.66
1988-01-13,31.50,32.62,31.50,32.62,91200,2.71
1988-01-12,32.38,32.38,31.62,31.62,30000,2.62
1988-01-11,33.50,33.50,32.25,32.50,149600,2.70
1988-01-08,34.25,34.50,33.50,33.50,138000,2.78
1988-01-07,34.25,34.25,33.75,33.75,52000,2.80
1988-01-06,33.38,34.25,33.38,34.25,190400,2.84
1988-01-05,33.12,33.75,33.12,33.12,51200,2.75
1988-01-04,32.75,33.25,32.75,32.88,50000,2.73
1987-12-31,32.38,32.75,32.12,32.62,63200,2.71
1987-12-30,32.38,32.88,32.25,32.62,157200,2.71
1987-12-29,32.38,32.38,32.00,32.25,39600,2.68
1987-12-28,33.00,33.00,32.50,32.50,43600,2.70
1987-12-24,33.50,33.75,33.25,33.25,86400,2.76
1987-12-23,33.00,33.62,33.00,33.62,40000,2.79
1987-12-22,33.38,33.38,32.50,32.75,72000,2.72
1987-12-21,33.12,33.38,33.00,33.38,240400,2.77
1987-12-18,32.50,33.38,32.00,33.38,124400,2.77
1987-12-17,30.62,31.50,30.50,31.38,72000,2.60
1987-12-16,29.25,30.50,29.25,30.38,64800,2.52
1987-12-15,28.75,31.00,28.75,29.00,1078800,2.41
1987-12-14,29.00,29.25,28.50,28.50,258800,2.37
1987-12-11,29.38,29.50,29.12,29.25,236800,2.43
1987-12-10,28.75,29.50,28.00,29.50,270400,2.45
1987-12-09,28.12,29.50,27.88,29.00,359200,2.41
1987-12-08,27.50,28.38,27.50,28.38,196400,2.35
1987-12-07,27.25,28.25,27.25,27.75,319200,2.30
1987-12-04,27.50,27.50,27.00,27.50,119200,2.28
1987-12-03,29.00,29.00,27.50,27.50,96800,2.28
1987-12-02,29.12,29.12,29.00,29.00,232000,2.41
1987-12-01,28.25,29.25,28.25,29.00,192400,2.41
1987-11-30,30.12,30.12,28.00,28.00,252400,2.32
1987-11-27,30.88,30.88,30.25,30.50,88000,2.53
1987-11-25,31.25,31.38,31.12,31.12,84000,2.56
1987-11-24,31.00,31.62,31.00,31.38,210000,2.58
1987-11-23,31.25,31.25,31.00,31.12,50800,2.56
1987-11-20,31.12,31.38,31.12,31.25,68400,2.57
1987-11-19,31.88,31.88,31.12,31.12,51600,2.56
1987-11-18,31.75,32.25,31.75,31.88,521600,2.63
1987-11-17,32.00,32.00,31.62,31.62,257600,2.61
1987-11-16,31.50,32.12,31.50,31.75,190000,2.62
1987-11-13,31.50,31.88,31.50,31.75,150000,2.62
1987-11-12,31.75,32.00,31.62,31.75,140400,2.62
1987-11-11,31.00,31.50,31.00,31.25,102000,2.57
1987-11-10,31.25,31.50,31.25,31.25,99200,2.57
1987-11-09,32.25,32.25,31.75,31.75,121600,2.62
1987-11-06,31.75,32.25,31.75,32.00,95200,2.64
1987-11-05,31.25,32.00,31.25,32.00,121200,2.64
1987-11-04,30.62,32.25,30.00,31.62,146800,2.61
1987-11-03,30.50,30.75,29.50,30.62,135600,2.52
1987-11-02,30.75,30.75,29.88,30.50,371600,2.51
1987-10-30,29.62,31.25,29.62,30.75,358800,2.53
1987-10-29,26.38,29.38,26.38,28.62,132400,2.36
1987-10-28,25.50,26.38,25.25,26.00,288800,2.14
1987-10-27,27.88,27.88,25.25,25.50,340800,2.10
1987-10-26,30.62,30.62,28.00,28.00,1192400,2.31
1987-10-23,30.50,33.75,30.12,31.50,398000,2.59
1987-10-22,31.50,37.50,29.25,30.50,368400,2.51
1987-10-21,31.50,35.00,31.50,31.50,767600,2.59
1987-10-20,33.00,34.00,28.00,30.00,586000,2.47
1987-10-19,39.50,39.50,32.62,33.00,700800,2.72
1987-10-16,43.12,43.12,40.00,40.12,412400,3.31
1987-10-15,45.38,45.38,43.50,43.50,384400,3.58
1987-10-14,45.50,46.38,44.00,45.38,500000,3.74
1987-10-13,46.75,46.88,45.50,45.50,168800,3.75
1987-10-12,48.12,48.12,46.25,46.75,338800,3.85
1987-10-09,46.25,49.25,46.25,48.38,1518400,3.99
1987-10-08,43.75,46.38,43.75,46.00,589200,3.79
1987-10-07,43.75,43.88,43.62,43.62,84000,3.59
1987-10-06,44.50,44.50,43.75,43.75,298400,3.60
1987-10-05,43.50,44.50,43.25,44.50,315200,3.67
1987-10-02,43.88,44.12,43.50,43.50,300400,3.58
1987-10-01,42.00,44.00,42.00,43.88,288800,3.61
1987-09-30,42.75,43.25,42.00,42.00,226400,3.46
1987-09-29,42.75,43.25,42.62,42.75,368400,3.52
1987-09-28,42.50,43.50,42.50,42.75,334800,3.52
1987-09-25,42.38,42.38,41.88,42.12,248800,3.47
1987-09-24,42.00,42.62,42.00,42.62,140800,3.51
1987-09-23,41.88,42.50,41.88,42.00,490000,3.46
1987-09-22,42.25,42.25,41.12,41.88,167600,3.45
1987-09-21,43.12,43.12,42.25,42.25,184800,3.48
1987-09-18,44.50,45.12,42.12,43.62,487200,3.59
1987-09-17,40.50,44.50,40.50,44.50,1128400,3.67
1987-09-16,38.88,41.50,38.88,40.25,575600,3.32
1987-09-15,39.12,39.12,38.75,38.88,139200,3.20
1987-09-14,39.00,39.25,38.75,39.25,352400,3.23
1987-09-11,38.62,39.25,38.62,39.00,180800,3.21
1987-09-10,38.12,39.00,38.00,38.62,173600,3.18
1987-09-09,38.00,38.25,37.75,38.12,230400,3.14
1987-09-08,40.25,40.25,37.38,38.00,206400,3.13
1987-09-04,38.62,40.75,38.50,40.38,696400,3.33
1987-09-03,38.75,38.75,38.50,38.62,344400,3.18
1987-09-02,38.75,38.75,38.50,38.75,218000,3.19
1987-09-01,38.12,39.00,38.12,38.75,202000,3.19
1987-08-31,37.62,38.12,37.62,38.00,178000,3.13
1987-08-28,38.50,38.62,37.62,37.62,243200,3.10
1987-08-27,39.00,39.00,38.50,38.50,169600,3.17
1987-08-26,39.75,40.00,39.00,39.00,330800,3.21
1987-08-25,39.00,39.75,39.00,39.75,192400,3.27
1987-08-24,39.12,39.12,38.50,39.00,88400,3.21
1987-08-21,39.25,39.50,39.00,39.12,405600,3.22
1987-08-20,38.88,39.75,38.88,39.25,492400,3.23
1987-08-19,38.88,38.88,38.12,38.38,182400,3.16
1987-08-18,39.50,39.50,38.88,39.00,150800,3.21
1987-08-17,39.75,39.75,39.50,39.50,49200,3.25
1987-08-14,39.75,39.75,39.62,39.75,11200,3.27
1987-08-13,39.38,39.88,39.38,39.75,175600,3.27
1987-08-12,39.12,39.50,38.88,39.38,232000,3.24
1987-08-11,38.75,39.12,38.62,39.12,93200,3.22
1987-08-10,38.25,38.75,38.25,38.75,149600,3.19
1987-08-07,38.38,38.50,38.12,38.12,150400,3.14
1987-08-06,38.38,38.38,37.75,38.38,129600,3.16
1987-08-05,38.50,38.75,38.12,38.38,137200,3.16
1987-08-04,38.12,38.50,38.12,38.50,39200,3.17
1987-08-03,38.62,38.88,38.00,38.12,100400,3.14
1987-07-31,38.38,38.88,38.38,38.62,55600,3.18
1987-07-30,38.38,38.62,38.12,38.38,77600,3.16
1987-07-29,37.88,38.38,37.62,38.38,91600,3.16
1987-07-28,38.88,38.88,37.75,37.88,76400,3.12
1987-07-27,39.38,39.50,38.75,39.00,146400,3.21
1987-07-24,38.50,39.88,38.50,39.38,252000,3.24
1987-07-23,38.00,38.75,38.00,38.38,108800,3.16
1987-07-22,38.00,38.50,38.00,38.00,133600,3.13
1987-07-21,38.25,38.38,38.00,38.00,42800,3.13
1987-07-20,38.25,38.50,38.00,38.25,116800,3.15
1987-07-17,38.88,39.12,38.25,38.25,96000,3.15
1987-07-16,38.00,40.00,37.88,38.88,280000,3.20
1987-07-15,37.88,38.62,37.50,38.00,99600,3.13
1987-07-14,37.75,38.50,37.62,37.88,143200,3.12
1987-07-13,36.50,38.00,36.50,37.75,221200,3.11
1987-07-10,35.75,36.00,35.75,36.00,40000,2.97
1987-07-09,35.88,36.25,35.75,35.75,106400,2.95
1987-07-08,36.00,36.38,35.88,35.88,69600,2.96
1987-07-07,35.12,36.25,35.12,36.00,83200,2.97
1987-07-06,34.75,35.00,34.75,35.00,31600,2.88
1987-07-02,35.25,35.38,34.62,34.62,58000,2.85
1987-07-01,35.25,35.50,35.00,35.25,90400,2.90
1987-06-30,35.25,35.38,34.75,35.25,112800,2.90
1987-06-29,35.75,35.75,35.00,35.25,124000,2.90
1987-06-26,35.88,36.00,35.62,35.75,81600,2.95
1987-06-25,35.25,35.88,35.25,35.88,106000,2.96
1987-06-24,35.50,35.62,34.50,35.00,186800,2.88
1987-06-23,35.75,35.75,35.50,35.50,111600,2.92
1987-06-22,34.88,35.75,34.62,35.75,324400,2.95
1987-06-19,35.00,35.12,34.62,34.88,94400,2.87
1987-06-18,35.25,35.25,34.88,35.00,89200,2.88
1987-06-17,35.50,35.50,35.00,35.25,176000,2.90
1987-06-16,34.88,35.75,34.62,35.75,267200,2.95
1987-06-15,35.75,35.75,34.50,34.88,262800,2.87
1987-06-12,35.88,35.88,35.50,35.75,802400,2.95
1987-06-11,35.88,35.88,35.75,35.88,76400,2.96
1987-06-10,36.00,36.00,35.75,35.88,159200,2.96
1987-06-09,36.00,36.62,36.00,36.00,422000,2.97
1987-06-08,36.50,36.50,36.00,36.00,129600,2.97
1987-06-05,36.88,37.00,36.50,36.50,295600,3.01
1987-06-04,36.75,37.00,36.75,36.88,197600,3.04
1987-06-03,36.75,36.88,36.75,36.75,48800,3.03
1987-06-02,36.62,36.62,36.25,36.50,166400,3.01
1987-06-01,37.00,37.00,36.75,36.75,47600,3.03
1987-05-29,37.25,37.62,37.00,37.00,155600,3.05
1987-05-28,36.88,37.25,36.75,37.25,102800,3.07
1987-05-27,37.12,37.62,36.75,36.88,209600,3.04
1987-05-26,36.50,37.12,36.50,37.12,144000,3.06
1987-05-22,36.62,36.62,36.38,36.50,106000,3.01
1987-05-21,36.38,36.62,36.25,36.62,70800,3.02
1987-05-20,36.50,36.50,36.25,36.38,110800,3.00
1987-05-19,37.50,37.50,36.62,36.62,63600,3.02
1987-05-18,37.62,37.75,37.38,37.50,71600,3.09
1987-05-15,37.75,37.75,37.50,37.62,49200,3.10
1987-05-14,38.12,38.12,37.75,38.00,83600,3.13
1987-05-13,38.12,38.38,38.00,38.12,107600,3.14
1987-05-12,38.75,38.75,38.12,38.12,178000,3.14
1987-05-11,38.25,40.00,38.25,38.88,211600,3.20
1987-05-08,37.50,38.25,37.25,38.25,208400,3.15
1987-05-07,37.62,37.62,37.38,37.50,136400,3.09
1987-05-06,37.25,37.62,37.25,37.62,92400,3.10
1987-05-05,37.00,37.25,36.88,37.25,124800,3.07
1987-05-04,37.12,37.38,36.75,37.00,156400,3.05
1987-05-01,37.50,37.50,37.12,37.12,98000,3.06
1987-04-30,37.38,37.62,37.38,37.50,300000,3.09
1987-04-29,37.12,37.88,37.12,37.38,624800,3.08
1987-04-28,34.62,35.62,34.38,35.50,343200,2.92
1987-04-27,34.38,35.00,34.00,34.62,113600,2.85
1987-04-24,34.62,34.62,34.38,34.38,89200,2.83
1987-04-23,34.38,34.75,34.12,34.75,158400,2.86
1987-04-22,34.75,34.75,34.25,34.38,91200,2.83
1987-04-21,34.25,34.75,34.00,34.75,151200,2.86
1987-04-20,34.25,34.50,34.25,34.25,51600,2.82
1987-04-16,33.38,34.25,33.38,34.25,136800,2.82
1987-04-15,33.62,33.75,33.12,33.12,179200,2.73
1987-04-14,34.00,34.00,33.62,33.62,174000,2.77
1987-04-13,34.12,34.38,34.12,34.25,282000,2.82
1987-04-10,34.25,34.25,34.00,34.12,94400,2.81
1987-04-09,35.25,35.25,34.12,34.38,34400,2.83
1987-04-08,35.25,35.38,35.00,35.25,48400,2.90
1987-04-07,35.62,35.75,35.25,35.25,46800,2.90
1987-04-06,35.12,35.62,35.12,35.62,201600,2.93
1987-04-03,33.88,35.00,33.75,34.88,408400,2.87
1987-04-02,34.25,34.25,33.75,33.88,72000,2.79
1987-04-01,34.25,34.25,34.00,34.25,52000,2.82
1987-03-31,34.25,34.38,34.00,34.38,130000,2.83
1987-03-30,34.75,34.75,34.25,34.25,227200,2.82
1987-03-27,34.88,35.50,34.88,35.25,66800,2.90
1987-03-26,35.75,35.75,34.75,34.88,239600,2.87
1987-03-25,36.25,36.25,35.75,35.88,113200,2.96
1987-03-24,36.12,36.38,36.00,36.38,55200,3.00
1987-03-23,35.88,36.25,35.88,36.12,320800,2.98
1987-03-20,35.00,36.00,35.00,35.88,173600,2.96
1987-03-19,35.25,35.25,34.75,34.75,125600,2.86
1987-03-18,34.75,35.25,34.75,35.25,304000,2.90
1987-03-17,34.00,34.88,34.00,34.75,102400,2.86
1987-03-16,33.50,33.75,33.50,33.75,10800,2.78
1987-03-13,34.12,34.25,33.25,33.50,876800,2.76
1987-03-12,34.12,34.50,34.00,34.12,78000,2.81
1987-03-11,33.88,34.25,33.75,34.12,71200,2.81
1987-03-10,33.75,34.00,33.75,33.88,73600,2.79
1987-03-09,34.00,34.25,33.50,33.50,46000,2.76
1987-03-06,34.62,34.62,34.00,34.00,196800,2.80
1987-03-05,35.00,35.38,34.75,34.75,224800,2.86
1987-03-04,35.00,35.12,34.88,35.00,152400,2.88
1987-03-03,34.88,35.25,34.75,35.00,336800,2.88
1987-03-02,34.88,35.00,34.75,34.88,64400,2.87
1987-02-27,35.00,35.00,34.88,34.88,22000,2.87
1987-02-26,34.88,35.12,34.88,35.00,84800,2.88
1987-02-25,34.88,35.00,34.75,34.88,143200,2.87
1987-02-24,34.75,35.00,34.75,34.88,146400,2.87
1987-02-23,35.00,35.00,34.75,34.75,191600,2.86
1987-02-20,35.12,35.25,35.00,35.00,62400,2.88
1987-02-19,35.00,35.12,34.88,35.12,149200,2.89
1987-02-18,34.50,35.62,34.50,35.00,288800,2.88
1987-02-17,34.50,34.75,34.50,34.50,26800,2.84
1987-02-13,34.62,34.62,34.25,34.50,101600,2.84
1987-02-12,34.12,35.00,34.12,34.75,320400,2.86
1987-02-11,34.38,34.38,34.12,34.12,13600,2.81
1987-02-10,34.50,34.50,33.62,34.38,71600,2.83
1987-02-09,34.88,34.88,34.38,34.50,23600,2.84
1987-02-06,35.62,35.62,34.75,35.00,59600,2.88
1987-02-05,34.88,36.25,34.88,35.88,87200,2.96
1987-02-04,34.25,34.75,34.25,34.50,101600,2.84
1987-02-03,33.12,34.12,33.12,34.12,41600,2.81
1987-02-02,32.62,33.00,32.62,33.00,80000,2.72
1987-01-30,32.38,32.50,32.12,32.50,69600,2.68
1987-01-29,32.38,32.62,32.38,32.38,82400,2.67
1987-01-28,32.50,32.75,32.25,32.38,115200,2.67
1987-01-27,32.50,32.75,32.50,32.50,26400,2.68
1987-01-26,33.00,33.00,32.38,32.50,30000,2.68
1987-01-23,34.25,34.50,32.75,33.00,224400,2.72
1987-01-22,34.50,34.50,34.00,34.25,130400,2.82
1987-01-21,35.00,35.00,34.38,34.50,133600,2.84
1987-01-20,34.38,35.00,33.62,35.00,202800,2.88
1987-01-19,34.25,34.50,33.62,34.38,109200,2.83
1987-01-16,33.88,34.62,33.62,34.25,220400,2.82
1987-01-15,32.75,34.00,32.50,33.88,439200,2.79
1987-01-14,32.25,32.88,32.12,32.75,139200,2.70
1987-01-13,33.00,33.00,32.25,32.25,55200,2.66
1987-01-12,32.12,33.25,31.75,33.25,158400,2.74
1987-01-09,32.00,32.25,31.75,32.12,96400,2.65
1987-01-08,31.75,32.00,31.50,32.00,90800,2.64
1987-01-07,31.38,31.75,31.38,31.75,62800,2.62
1987-01-06,31.25,31.62,31.25,31.38,25600,2.58
1987-01-05,30.25,31.50,30.25,31.25,141200,2.57
1987-01-02,30.00,30.12,30.00,30.00,19200,2.47
1986-12-31,30.12,30.38,29.75,30.00,186000,2.47
1986-12-30,30.50,30.50,30.00,30.12,913600,2.48
1986-12-29,30.75,30.75,30.50,30.62,102400,2.52
1986-12-26,30.62,30.75,30.62,30.75,326000,2.53
1986-12-24,30.75,30.88,30.50,30.50,49600,2.51
1986-12-23,30.62,30.75,30.25,30.75,216800,2.53
1986-12-22,30.12,30.75,30.00,30.62,457600,2.52
1986-12-19,30.38,30.38,30.00,30.12,251200,2.48
1986-12-18,30.38,30.38,30.00,30.38,714000,2.50
1986-12-17,30.00,30.38,29.88,30.38,203600,2.50
1986-12-16,30.00,30.12,29.88,30.00,148800,2.47
1986-12-15,29.88,30.62,29.88,30.00,274800,2.47
1986-12-12,30.62,30.62,29.88,29.88,134000,2.46
1986-12-11,31.00,31.25,30.75,30.75,150000,2.53
1986-12-10,29.75,31.00,29.62,31.00,236000,2.55
1986-12-09,30.25,30.25,29.50,29.75,691200,2.45
1986-12-08,30.75,31.00,30.25,30.25,259600,2.49
1986-12-05,31.25,31.50,30.75,30.75,90400,2.53
1986-12-04,31.50,31.50,31.25,31.25,72800,2.57
1986-12-03,31.62,31.75,31.38,31.62,34400,2.61
1986-12-02,31.00,31.62,31.00,31.62,130800,2.61
1986-12-01,31.12,31.12,31.00,31.00,55600,2.55
1986-11-28,31.25,31.62,31.25,31.25,62400,2.57
1986-11-26,31.00,31.25,30.75,31.25,120000,2.57
1986-11-25,31.00,31.25,30.75,31.00,276000,2.53
1986-11-24,30.75,31.50,30.50,31.00,281200,2.53
1986-11-21,30.00,30.88,29.88,30.75,114800,2.51
1986-11-20,28.88,30.00,28.88,30.00,341200,2.45
1986-11-19,29.50,29.50,28.50,28.75,486800,2.35
1986-11-18,31.50,31.62,29.50,29.50,460000,2.41
1986-11-17,32.00,32.00,31.50,31.50,210000,2.58
1986-11-14,32.62,32.62,32.00,32.00,353600,2.62
1986-11-13,32.88,33.00,32.62,32.62,163600,2.67
1986-11-12,33.00,33.00,32.75,32.88,315200,2.69
1986-11-11,33.38,33.38,32.50,33.00,284000,2.70
1986-11-10,33.50,33.75,33.38,33.50,221200,2.74
1986-11-07,33.38,33.50,33.25,33.50,58400,2.74
1986-11-06,33.50,33.50,33.38,33.38,64400,2.73
1986-11-05,33.25,33.62,33.12,33.62,69600,2.75
1986-11-04,34.50,34.88,33.00,33.25,229600,2.72
1986-11-03,34.00,34.75,34.00,34.50,1150800,2.82
1986-10-31,33.12,33.75,32.75,33.75,664400,2.76
1986-10-30,33.25,33.50,32.88,33.12,285200,2.71
1986-10-29,34.12,34.75,33.00,33.25,424400,2.72
1986-10-28,32.75,35.38,32.50,34.12,1042400,2.79
1986-10-27,32.00,32.75,32.00,32.75,165600,2.68
1986-10-24,32.12,32.25,31.75,31.88,170400,2.61
1986-10-23,31.75,32.75,31.75,32.12,556800,2.63
1986-10-22,31.00,31.25,31.00,31.25,110400,2.56
1986-10-21,31.88,32.00,30.75,31.00,257200,2.53
1986-10-20,32.50,32.50,31.50,31.88,218000,2.61
1986-10-17,33.25,33.25,32.00,32.50,215200,2.66
1986-10-16,33.38,33.62,33.12,33.38,270400,2.73
1986-10-15,32.75,33.75,32.25,33.38,140800,2.73
1986-10-14,32.88,33.75,32.50,32.75,247200,2.68
1986-10-13,32.12,32.88,31.88,32.88,371200,2.69
1986-10-10,32.00,32.12,31.88,32.12,129600,2.63
1986-10-09,31.75,32.12,31.25,32.00,360800,2.62
1986-10-08,32.38,32.50,31.75,31.75,106800,2.60
1986-10-07,32.75,33.25,32.38,32.38,371200,2.65
1986-10-06,31.88,34.00,31.75,32.75,656800,2.68
1986-10-03,31.62,32.12,31.12,31.88,284400,2.61
1986-10-02,31.00,31.75,31.00,31.62,601200,2.59
1986-10-01,29.00,31.25,28.75,30.88,2124000,2.52
1986-09-30,28.75,29.00,28.50,29.00,13600,2.37
1986-09-29,28.88,28.88,28.38,28.75,231600,2.35
1986-09-26,28.75,29.12,28.62,28.88,289600,2.36
1986-09-25,29.00,29.00,28.62,28.75,461200,2.35
1986-09-24,29.38,29.38,29.12,29.12,61600,2.38
1986-09-23,29.38,29.38,29.00,29.38,115600,2.40
1986-09-22,28.50,29.50,28.50,29.50,371600,2.41
1986-09-19,28.50,28.50,28.12,28.38,99200,2.32
1986-09-18,28.25,28.62,28.00,28.62,393600,2.34
1986-09-17,28.75,28.75,28.25,28.25,185600,2.31
1986-09-16,29.00,29.00,28.50,28.75,472000,2.35
1986-09-15,29.88,29.88,29.00,29.00,402400,2.37
1986-09-12,30.38,31.00,29.75,30.00,498800,2.45
1986-09-11,30.88,31.25,29.50,30.38,2612400,2.48
1986-09-10,31.00,31.25,30.75,30.88,530800,2.52
1986-09-09,31.50,31.50,30.75,31.00,587600,2.53
1986-09-08,31.50,31.75,31.50,31.50,234800,2.58
1986-09-05,31.75,32.00,31.50,31.50,182400,2.58
1986-09-04,31.12,31.88,30.88,31.75,132800,2.60
1986-09-03,31.00,31.62,31.00,31.12,240800,2.55
1986-09-02,31.00,31.12,30.62,30.88,82000,2.52
1986-08-29,31.00,31.38,31.00,31.00,14000,2.53
1986-08-28,31.25,31.25,31.00,31.00,136400,2.53
1986-08-27,30.38,31.25,30.38,31.25,122000,2.56
1986-08-26,30.25,30.25,30.00,30.12,862400,2.46
1986-08-25,30.25,30.25,30.00,30.25,159200,2.47
1986-08-22,29.12,30.25,29.12,30.25,722400,2.47
1986-08-21,29.00,29.25,29.00,29.12,8800,2.38
1986-08-20,29.12,29.12,29.00,29.00,38000,2.37
1986-08-19,29.25,29.38,28.88,29.12,368800,2.38
1986-08-18,28.75,29.25,28.75,29.25,218400,2.39
1986-08-15,28.25,28.75,28.12,28.75,207600,2.35
1986-08-14,28.25,28.25,27.88,28.25,192800,2.31
1986-08-13,28.00,28.25,27.88,28.25,89200,2.31
1986-08-12,27.75,28.12,27.75,28.00,118000,2.27
1986-08-11,28.38,28.50,27.62,27.75,445600,2.25
1986-08-08,28.50,28.50,28.38,28.38,104800,2.30
1986-08-07,28.38,28.50,28.38,28.50,51600,2.31
1986-08-06,28.25,28.50,28.25,28.25,114800,2.29
1986-08-05,28.00,28.25,27.75,28.25,291200,2.29
1986-08-04,27.62,28.00,27.62,28.00,102000,2.27
1986-08-01,27.50,28.00,27.50,27.50,272400,2.23
1986-07-31,28.12,28.50,27.50,27.50,477200,2.23
1986-07-30,28.62,28.75,28.12,28.12,321600,2.28
1986-07-29,28.62,28.75,28.50,28.62,72000,2.32
1986-07-28,28.75,28.88,28.62,28.62,130800,2.32
1986-07-25,28.62,28.75,28.62,28.75,312800,2.33
1986-07-24,28.50,28.75,28.50,28.62,131200,2.32
1986-07-23,28.38,28.50,28.25,28.50,149200,2.31
1986-07-22,28.00,28.38,28.00,28.38,190400,2.30
1986-07-21,28.12,28.62,28.00,28.00,66000,2.27
1986-07-18,28.00,28.25,28.00,28.12,42800,2.28
1986-07-17,27.88,28.00,27.50,28.00,106400,2.27
1986-07-16,28.25,28.38,27.75,27.88,141200,2.26
1986-07-15,28.25,28.50,28.12,28.25,93600,2.29
1986-07-14,28.38,28.50,28.25,28.25,19600,2.29
1986-07-11,28.62,28.75,28.25,28.38,37200,2.30
1986-07-10,28.62,28.75,28.38,28.62,42000,2.32
1986-07-09,28.88,29.00,28.38,28.62,32400,2.32
1986-07-08,29.12,29.12,28.88,28.88,35600,2.34
1986-07-07,29.50,29.75,29.25,29.25,157600,2.37
1986-07-03,29.62,29.75,29.38,29.50,82400,2.39
1986-07-02,29.75,29.88,29.62,29.62,80400,2.40
1986-07-01,29.38,29.75,29.38,29.75,24800,2.41
1986-06-30,29.25,29.50,29.25,29.25,17200,2.37
1986-06-27,29.50,29.62,29.12,29.12,30800,2.36
1986-06-26,29.62,30.00,29.50,29.50,76400,2.39
1986-06-25,29.50,29.88,29.50,29.62,356800,2.40
1986-06-24,29.25,29.50,29.25,29.50,31200,2.39
1986-06-23,29.75,30.00,29.12,29.12,266800,2.36
1986-06-20,29.75,30.00,29.75,29.75,56400,2.41
1986-06-19,29.62,29.88,29.62,29.75,50800,2.41
1986-06-18,30.00,30.00,29.38,29.50,658000,2.39
1986-06-17,30.25,30.38,30.00,30.00,45600,2.43
1986-06-16,30.12,30.38,30.12,30.25,8000,2.45
1986-06-13,30.00,30.75,30.00,30.00,68000,2.43
1986-06-12,30.00,30.25,30.00,30.00,74800,2.43
1986-06-11,30.25,30.25,30.00,30.00,356400,2.43
1986-06-10,30.38,30.38,29.88,30.25,90000,2.45
1986-06-09,30.88,30.88,30.38,30.62,261200,2.48
1986-06-06,30.50,30.88,30.25,30.88,161200,2.50
1986-06-05,31.12,31.38,30.50,30.50,423200,2.47
1986-06-04,31.38,31.50,31.12,31.12,54400,2.52
1986-06-03,31.00,31.50,31.00,31.38,65600,2.54
1986-06-02,31.38,31.75,31.00,31.00,38800,2.51
1986-05-30,31.75,31.88,31.38,31.38,37600,2.54
1986-05-29,31.25,31.75,31.25,31.75,216400,2.57
1986-05-28,31.25,31.50,31.12,31.25,194400,2.53
1986-05-27,30.75,31.38,30.38,31.25,407200,2.53
1986-05-23,31.12,31.12,30.62,30.75,184400,2.49
1986-05-22,30.25,31.12,30.25,31.12,876800,2.52
1986-05-21,29.88,30.00,29.75,29.88,121200,2.42
1986-05-20,29.50,29.88,29.50,29.88,275200,2.40
1986-05-19,29.62,29.75,29.50,29.50,130400,2.37
1986-05-16,30.00,30.25,29.50,29.62,584800,2.38
1986-05-15,30.12,30.25,29.88,30.00,1214400,2.41
1986-05-14,30.12,30.38,30.00,30.12,81200,2.42
1986-05-13,30.25,30.25,30.12,30.12,64400,2.42
1986-05-12,30.12,30.38,30.00,30.25,163200,2.43
1986-05-09,30.12,30.25,30.00,30.12,840000,2.42
1986-05-08,29.88,30.25,29.88,30.12,405600,2.42
1986-05-07,29.00,29.88,29.00,29.88,256000,2.40
1986-05-06,29.38,29.62,28.88,29.00,286000,2.33
1986-05-05,29.12,29.38,29.12,29.38,43200,2.36
1986-05-02,29.25,29.62,29.12,29.12,362000,2.34
1986-05-01,29.62,29.75,29.25,29.25,292800,2.35
1986-04-30,29.75,30.12,29.50,29.62,354800,2.38
1986-04-29,29.88,30.00,29.62,29.75,194800,2.39
1986-04-28,29.75,30.00,29.62,29.88,1511600,2.40
1986-04-25,29.12,29.75,29.00,29.75,216000,2.39
1986-04-24,28.38,29.38,28.38,29.12,643200,2.34
1986-04-23,28.25,28.38,28.00,28.25,114800,2.27
1986-04-22,28.75,29.00,28.25,28.25,51200,2.27
1986-04-21,28.75,29.00,28.50,28.75,13200,2.31
1986-04-18,29.00,29.25,28.38,28.75,417200,2.31
1986-04-17,28.38,29.00,28.38,29.00,86800,2.33
1986-04-16,28.00,28.62,28.00,28.38,82000,2.28
1986-04-15,29.00,29.00,28.00,28.00,77600,2.25
1986-04-14,29.00,29.25,29.00,29.25,384400,2.35
1986-04-11,28.25,29.00,28.25,29.00,69600,2.33
1986-04-10,27.75,28.12,27.75,28.00,78400,2.25
1986-04-09,28.25,28.38,27.62,27.62,35600,2.22
1986-04-08,28.75,29.12,28.25,28.25,58000,2.27
1986-04-07,28.88,29.25,28.75,28.75,62400,2.31
1986-04-04,30.00,30.00,28.88,28.88,184000,2.32
1986-04-03,30.50,30.50,30.00,30.00,348800,2.41
1986-04-02,30.62,30.62,30.38,30.50,248800,2.45
1986-04-01,30.50,30.88,30.50,30.75,418400,2.47
1986-03-31,29.75,30.50,29.12,30.38,146800,2.44
1986-03-27,28.50,30.75,28.50,29.75,922400,2.39
1986-03-26,27.50,28.50,27.50,28.50,173600,2.29
1986-03-25,26.00,27.25,26.00,26.75,201600,2.15
1986-03-24,24.62,25.00,24.62,24.75,82000,1.99
1986-03-21,24.25,24.62,24.00,24.62,88000,1.98
1986-03-20,24.62,24.62,24.25,24.25,347600,1.95
1986-03-19,25.62,25.62,24.50,24.62,274400,1.98
1986-03-18,25.50,25.88,25.50,25.62,46000,2.06
1986-03-17,25.75,25.88,25.50,25.50,108400,2.05
1986-03-14,26.12,26.25,25.75,25.75,95200,2.07
1986-03-13,26.25,26.38,26.00,26.12,81200,2.10
1986-03-12,26.00,26.38,26.00,26.25,95600,2.11
1986-03-11,26.00,26.00,25.75,25.88,53200,2.08
1986-03-10,25.75,26.00,25.75,26.00,57600,2.09
1986-03-07,26.00,26.25,25.75,25.75,68400,2.07
1986-03-06,26.12,26.12,26.00,26.00,237600,2.09
1986-03-05,25.75,26.12,25.75,26.12,316400,2.10
1986-03-04,25.50,25.88,25.50,25.75,38400,2.07
1986-03-03,25.50,25.50,25.38,25.50,33200,2.05
1986-02-28,25.25,25.62,25.25,25.50,366800,2.05
1986-02-27,24.50,25.00,24.38,25.00,46000,2.01
1986-02-26,24.12,24.50,24.00,24.50,77600,1.97
1986-02-25,24.25,24.38,24.12,24.12,111200,1.94
1986-02-24,24.50,24.50,24.25,24.25,122400,1.95
1986-02-21,24.38,24.75,24.38,24.62,92800,1.98
1986-02-20,24.12,24.25,23.88,24.25,80000,1.95
1986-02-19,24.25,24.62,24.00,24.12,110400,1.92
1986-02-18,24.62,24.75,24.12,24.25,126000,1.93
1986-02-14,24.50,25.00,24.38,24.62,186400,1.96
1986-02-13,24.38,24.62,24.38,24.50,370800,1.95
1986-02-12,23.75,24.50,23.62,24.38,476400,1.94
1986-02-11,23.62,24.00,23.38,23.75,226400,1.89
1986-02-10,24.12,24.12,23.62,23.62,114800,1.88
1986-02-07,24.38,24.38,24.12,24.12,45200,1.92
1986-02-06,24.25,24.75,24.12,24.38,143600,1.94
1986-02-05,24.25,24.50,24.12,24.25,94800,1.93
1986-02-04,24.00,24.25,23.88,24.25,467200,1.93
1986-02-03,23.88,24.00,23.50,24.00,180000,1.91
1986-01-31,24.00,24.00,23.75,23.88,137600,1.90
1986-01-30,23.88,24.00,23.88,24.00,36000,1.91
1986-01-29,24.25,24.38,23.75,23.88,60000,1.90
1986-01-28,24.50,24.50,24.00,24.25,33200,1.93
1986-01-27,24.50,24.75,24.25,24.50,30400,1.95
1986-01-24,24.25,24.50,24.25,24.50,41200,1.95
1986-01-23,25.25,25.38,24.25,24.25,118800,1.93
1986-01-22,25.50,25.75,25.25,25.25,74400,2.01
1986-01-21,25.88,25.88,25.50,25.50,83600,2.03
1986-01-20,26.00,26.00,25.50,25.88,79600,2.06
1986-01-17,26.50,26.50,26.12,26.12,228400,2.08
1986-01-16,26.25,26.50,26.25,26.50,28000,2.11
1986-01-15,26.12,26.38,26.12,26.12,582800,2.08
1986-01-14,25.62,26.25,25.62,26.00,357600,2.07
1986-01-13,25.62,26.00,25.50,25.62,131200,2.04
1986-01-10,26.00,26.12,25.62,25.62,56000,2.04
1986-01-09,26.25,26.25,25.62,26.00,429600,2.07
1986-01-08,26.88,26.88,26.38,26.50,500800,2.11
1986-01-07,27.00,27.12,26.75,26.88,152000,2.14
1986-01-06,26.38,27.00,26.38,27.00,136800,2.15
1986-01-03,25.88,26.25,25.88,26.12,58400,2.08
1986-01-02,25.50,25.75,25.50,25.62,16800,2.04
1985-12-31,25.38,25.75,25.38,25.50,38000,2.03
1985-12-30,25.50,25.62,25.38,25.38,200000,2.02
1985-12-27,25.38,25.75,25.38,25.50,64800,2.03
1985-12-26,25.62,25.62,25.25,25.38,52400,2.02
1985-12-24,25.50,25.62,25.38,25.62,55200,2.04
1985-12-23,25.50,25.75,25.25,25.50,31600,2.03
1985-12-20,25.12,25.50,25.00,25.50,154400,2.03
1985-12-19,25.12,25.38,25.00,25.12,86800,2.00
1985-12-18,25.12,25.38,25.00,25.12,217200,2.00
1985-12-17,25.25,25.25,25.00,25.12,246800,2.00
1985-12-16,25.75,25.75,25.25,25.25,83600,2.01
1985-12-13,25.50,25.75,25.38,25.75,28800,2.05
1985-12-12,25.88,26.00,25.50,25.50,84800,2.03
1985-12-11,25.38,26.00,25.25,25.88,134400,2.06
1985-12-10,25.75,25.75,25.38,25.38,58400,2.02
1985-12-09,25.88,25.88,25.62,25.75,36400,2.05
1985-12-06,26.25,26.25,25.75,25.88,154400,2.06
1985-12-05,26.12,26.25,25.75,26.25,64400,2.09
1985-12-04,26.88,27.00,26.00,26.12,179200,2.08
1985-12-03,26.38,27.12,26.25,26.88,616800,2.14
1985-12-02,26.25,26.38,26.12,26.38,40000,2.10
1985-11-29,26.12,26.25,26.12,26.25,22000,2.09
1985-11-27,26.00,26.25,26.00,26.00,66800,2.07
1985-11-26,25.75,26.00,25.50,25.75,48800,2.05
1985-11-25,26.12,26.12,25.75,25.75,175200,2.03
1985-11-22,26.00,26.12,25.88,26.12,183200,2.06
1985-11-21,26.12,26.38,26.00,26.00,106400,2.05
1985-11-20,25.88,26.12,25.75,26.12,113200,2.06
1985-11-19,26.00,26.12,25.88,25.88,138800,2.04
1985-11-18,26.25,26.25,26.00,26.00,42800,2.05
1985-11-15,26.75,26.75,26.12,26.25,68400,2.07
1985-11-14,26.88,26.88,26.50,26.75,31600,2.11
1985-11-13,26.75,27.00,26.75,26.88,68800,2.12
1985-11-12,26.75,26.88,25.62,26.62,166800,2.10
1985-11-11,26.00,26.75,26.00,26.75,222800,2.11
1985-11-08,25.62,26.00,25.62,25.75,692400,2.03
1985-11-07,25.88,25.88,25.62,25.62,545600,2.02
1985-11-06,25.50,25.88,25.50,25.88,1233600,2.04
1985-11-05,25.38,25.50,25.00,25.50,872000,2.01
1985-11-04,25.12,25.38,25.12,25.38,618400,2.00
1985-11-01,25.25,25.38,25.12,25.12,1134000,1.98
1985-10-31,25.12,25.25,25.12,25.25,326400,1.99
1985-10-30,25.62,25.62,25.12,25.12,422800,1.98
1985-10-29,25.62,25.75,25.50,25.75,325600,2.03
1985-10-28,25.75,25.75,25.50,25.62,568000,2.02
1985-10-25,25.88,26.00,25.75,25.75,641600,2.03
1985-10-24,25.38,25.88,25.38,25.88,570800,2.04
1985-10-23,25.12,25.25,25.12,25.12,110800,1.98
1985-10-22,25.12,25.12,25.00,25.00,369200,1.97
1985-10-21,25.12,25.25,25.12,25.12,328400,1.98
1985-10-18,25.00,25.00,24.88,25.00,156000,1.97
1985-10-17,25.00,25.50,25.00,25.00,992000,1.97
1985-10-16,24.25,25.25,24.25,25.00,957600,1.97
1985-10-15,21.50,21.88,21.50,21.75,158000,1.72
1985-10-14,21.00,21.25,20.88,21.25,60800,1.68
1985-10-11,20.75,21.00,20.75,21.00,110800,1.66
1985-10-10,20.50,20.88,20.50,20.75,49200,1.64
1985-10-09,20.50,20.88,20.50,20.50,104000,1.62
1985-10-08,21.25,21.25,20.50,20.50,60400,1.62
1985-10-07,21.75,21.75,21.25,21.25,57600,1.68
1985-10-04,21.62,21.75,21.50,21.75,90000,1.72
1985-10-03,21.75,21.88,21.62,21.62,25200,1.71
1985-10-02,21.75,22.00,21.62,21.75,86000,1.72
1985-10-01,21.50,22.00,21.50,21.75,134800,1.72
1985-09-30,22.50,22.75,21.50,21.50,130400,1.70
1985-09-27,22.50,22.50,22.50,22.50,000,1.78
1985-09-26,22.75,22.88,22.38,22.50,136400,1.78
1985-09-25,22.62,22.88,22.62,22.75,111200,1.80
1985-09-24,22.38,22.75,22.38,22.50,83600,1.78
1985-09-23,22.12,22.50,22.12,22.25,47200,1.76
1985-09-20,21.75,22.12,21.75,22.00,34800,1.74
1985-09-19,21.38,21.75,21.25,21.62,61200,1.71
1985-09-18,20.62,21.38,20.50,21.38,75200,1.69
1985-09-17,20.88,20.88,20.50,20.62,460400,1.63
1985-09-16,21.88,21.88,20.75,20.88,88800,1.65
1985-09-13,22.25,22.50,22.00,22.12,54400,1.75
1985-09-12,22.75,22.75,22.00,22.25,93600,1.76
1985-09-11,24.12,24.12,23.00,23.00,152800,1.82
1985-09-10,24.50,24.50,24.00,24.25,35600,1.92
1985-09-09,24.62,24.75,24.38,24.50,448800,1.94
1985-09-06,24.50,24.62,24.38,24.62,29600,1.95
1985-09-05,24.62,24.75,24.50,24.50,13200,1.94
1985-09-04,24.62,24.75,24.50,24.62,130800,1.95
1985-09-03,24.75,24.75,24.38,24.62,156800,1.95
1985-08-30,25.12,25.12,24.75,24.75,383600,1.96
1985-08-29,25.00,25.38,25.00,25.12,140000,1.98
1985-08-28,25.00,25.12,25.00,25.00,108400,1.97
1985-08-27,25.00,25.12,24.50,24.75,48400,1.96
1985-08-26,24.88,25.00,24.62,25.00,62400,1.97
1985-08-23,25.00,25.00,24.38,24.88,42000,1.96
1985-08-22,26.50,26.50,25.12,25.12,407200,1.98
1985-08-21,26.50,26.62,26.38,26.50,65600,2.09
1985-08-20,26.38,26.50,26.38,26.50,59600,2.09
1985-08-19,26.25,26.50,26.25,26.25,46800,2.07
1985-08-16,26.50,26.50,26.25,26.25,10800,2.07
1985-08-15,26.50,27.00,26.50,26.62,50000,2.10
1985-08-14,26.50,26.75,26.50,26.50,44400,2.09
1985-08-13,26.62,26.88,26.38,26.50,14800,2.09
1985-08-12,26.75,26.75,26.50,26.62,16800,2.10
1985-08-09,27.00,27.00,26.75,26.75,30000,2.11
1985-08-08,26.50,27.25,26.38,27.12,48400,2.14
1985-08-07,26.50,26.50,26.25,26.50,30400,2.09
1985-08-06,26.75,26.75,26.50,26.50,40000,2.09
1985-08-05,27.00,27.00,26.62,26.75,32800,2.11
1985-08-02,27.25,27.25,27.00,27.00,240400,2.13
1985-08-01,26.75,27.25,26.75,27.25,152400,2.15
1985-07-31,26.25,26.62,26.25,26.62,54800,2.10
1985-07-30,25.88,26.00,25.75,25.88,152000,2.04
1985-07-29,26.38,26.38,25.75,25.88,285600,2.04
1985-07-26,26.75,26.75,26.12,26.38,95600,2.08
1985-07-25,26.50,27.00,26.50,27.00,182800,2.13
1985-07-24,26.12,26.50,26.00,26.50,47600,2.09
1985-07-23,25.75,26.38,25.25,26.12,84800,2.06
1985-07-22,26.00,26.00,25.75,25.75,36400,2.03
1985-07-19,26.25,26.25,25.75,26.25,40000,2.07
1985-07-18,26.62,26.75,26.12,26.25,94000,2.07
1985-07-17,26.75,26.75,26.38,26.62,105600,2.10
1985-07-16,27.50,27.75,27.38,27.50,630400,2.17
1985-07-15,27.75,27.75,27.38,27.50,84800,2.17
1985-07-12,27.50,28.00,27.50,27.88,134800,2.20
1985-07-11,27.62,27.75,27.25,27.50,70400,2.17
1985-07-10,28.88,29.38,27.62,27.62,1146800,2.18
1985-07-09,28.50,29.00,28.50,28.88,110000,2.28
1985-07-08,28.50,28.62,28.38,28.50,47200,2.25
1985-07-05,27.75,28.50,27.75,28.50,36000,2.25
1985-07-03,27.50,28.00,27.50,27.75,46000,2.19
1985-07-02,27.38,27.62,27.38,27.50,37200,2.17
1985-07-01,27.12,27.38,27.12,27.38,89200,2.16
1985-06-28,26.75,27.12,26.75,27.12,10400,2.14
1985-06-27,27.00,27.00,26.75,26.75,114000,2.11
1985-06-26,27.00,27.00,27.00,27.00,48400,2.13
1985-06-25,26.88,27.25,26.75,27.00,66000,2.13
1985-06-24,26.62,27.00,26.50,26.88,158800,2.12
1985-06-21,26.50,26.75,26.50,26.62,118800,2.10
1985-06-20,26.50,26.62,26.50,26.50,48400,2.09
1985-06-19,26.62,26.62,26.50,26.50,52000,2.09
1985-06-18,26.62,26.75,26.50,26.75,33600,2.11
1985-06-17,26.62,26.62,26.50,26.62,60000,2.10
1985-06-14,26.88,27.12,26.62,26.88,52000,2.12
1985-06-13,27.12,27.12,26.75,26.88,115200,2.12
1985-06-12,27.00,27.25,26.88,27.12,358000,2.14
1985-06-11,27.25,27.25,27.00,27.00,73600,2.13
1985-06-10,27.00,27.25,26.88,27.25,101600,2.15
1985-06-07,27.25,27.38,26.88,27.00,125600,2.13
1985-06-06,26.88,27.25,26.88,27.25,231200,2.15
1985-06-05,26.75,26.88,26.62,26.75,45600,2.11
1985-06-04,26.50,26.75,26.50,26.75,253600,2.11
1985-06-03,26.62,26.75,26.38,26.50,38400,2.09
1985-05-31,27.00,27.00,26.62,26.62,96000,2.10
1985-05-30,27.00,27.00,26.75,27.00,70800,2.13
1985-05-29,26.88,27.00,26.88,27.00,36800,2.13
1985-05-28,26.50,26.75,26.50,26.75,68400,2.11
1985-05-24,26.25,26.50,26.12,26.38,169600,2.08
1985-05-23,26.12,26.25,25.75,26.25,95200,2.07
1985-05-22,26.50,26.50,26.12,26.12,21200,2.06
1985-05-21,26.38,26.75,26.38,26.62,214000,2.10
1985-05-20,26.12,26.50,26.12,26.25,89600,2.07
1985-05-17,26.12,26.12,25.88,26.00,68000,2.05
1985-05-16,26.12,26.25,26.12,26.12,38800,2.06
1985-05-15,26.00,26.25,25.88,25.88,33600,2.04
1985-05-14,26.25,26.25,26.00,26.00,24400,2.05
1985-05-13,26.38,26.38,26.00,26.38,50800,2.08
1985-05-10,26.25,26.50,26.12,26.38,78400,2.08
1985-05-09,26.38,26.50,26.25,26.25,35200,2.07
1985-05-08,26.25,26.38,26.12,26.38,58800,2.08
1985-05-07,25.75,26.38,25.75,26.25,113200,2.07
1985-05-06,25.62,25.88,25.62,25.75,30800,2.03
1985-05-03,25.50,25.75,25.25,25.50,158800,2.01
1985-05-02,25.75,25.75,25.25,25.50,402000,2.01
1985-05-01,25.62,25.75,25.50,25.75,32400,2.03
1985-04-30,25.50,25.62,25.50,25.62,50000,2.02
1985-04-29,25.75,25.88,25.50,25.50,142000,2.01
1985-04-26,25.25,25.75,25.25,25.75,220000,2.03
1985-04-25,25.00,25.25,24.38,25.25,434400,1.99
1985-04-24,26.25,26.25,25.00,25.00,212400,1.97
1985-04-23,26.88,27.00,26.25,26.25,224000,2.07
1985-04-22,27.00,27.25,26.75,26.88,59200,2.12
1985-04-19,26.88,27.00,26.62,27.00,12000,2.13
1985-04-18,26.88,27.00,26.62,26.88,126400,2.12
1985-04-17,27.38,27.38,26.75,26.88,30000,2.12
1985-04-16,27.62,27.75,27.50,27.50,168800,2.17
1985-04-15,27.62,27.62,27.25,27.62,90800,2.18
1985-04-12,27.75,27.75,27.50,27.62,39200,2.18
1985-04-11,28.00,28.00,27.62,27.75,16800,2.19
1985-04-10,27.88,28.25,27.75,28.00,65200,2.21
1985-04-09,28.00,28.00,27.38,27.88,166400,2.20
1985-04-08,27.62,28.00,27.62,28.00,51200,2.21
1985-04-04,27.75,27.88,27.50,27.50,180000,2.17
1985-04-03,28.12,28.12,27.75,27.75,9600,2.19
1985-04-02,28.25,28.50,28.12,28.12,8400,2.22
1985-04-01,28.12,28.50,28.00,28.25,60400,2.23
1985-03-29,28.25,28.38,27.88,28.12,116800,2.22
1985-03-28,27.75,28.62,27.75,28.25,73600,2.23
1985-03-27,27.50,27.75,27.50,27.50,170800,2.17
1985-03-26,27.25,27.50,27.25,27.25,194800,2.15
1985-03-25,27.62,27.62,27.12,27.12,47600,2.14
1985-03-22,28.00,28.25,27.88,27.88,92400,2.20
1985-03-21,28.00,28.00,27.75,28.00,228400,2.21
1985-03-20,28.25,28.25,27.75,28.00,26400,2.21
1985-03-19,27.50,28.50,27.50,28.25,144800,2.23
1985-03-18,27.62,28.00,27.38,27.38,104400,2.16
1985-03-15,28.25,28.25,27.62,27.62,87600,2.18
1985-03-14,28.75,28.75,28.38,28.62,326400,2.26
1985-03-13,30.12,30.25,29.62,29.62,58400,2.34
1985-03-12,30.50,30.75,30.12,30.12,66800,2.38
1985-03-11,30.00,30.50,30.00,30.50,44800,2.41
1985-03-08,29.75,30.25,29.00,30.00,274800,2.37
1985-03-07,30.00,30.00,29.75,29.75,172400,2.35
1985-03-06,30.62,30.62,29.62,30.00,97600,2.37
1985-03-05,31.25,31.25,30.62,30.62,72800,2.42
1985-03-04,31.62,31.62,31.25,31.25,62000,2.47
1985-03-01,31.75,31.75,31.25,31.62,156400,2.50
1985-02-28,32.00,32.00,31.62,31.75,48800,2.51
1985-02-27,32.00,32.12,31.88,32.00,55600,2.53
1985-02-26,31.62,32.00,31.62,32.00,46400,2.53
1985-02-25,32.00,32.00,31.38,31.38,17600,2.48
1985-02-22,32.38,32.38,32.00,32.12,8800,2.54
1985-02-21,33.12,33.12,32.50,32.50,33600,2.57
1985-02-20,33.62,33.62,33.38,33.38,215600,2.64
1985-02-19,32.00,33.75,32.00,33.62,276400,2.66
1985-02-15,32.00,32.00,31.50,31.75,46400,2.51
1985-02-14,31.88,32.12,31.88,32.12,82000,2.54
1985-02-13,31.00,31.75,31.00,31.62,162400,2.50
1985-02-12,31.50,31.50,31.00,31.00,52400,2.45
1985-02-11,31.88,31.88,31.25,31.50,19600,2.49
1985-02-08,32.12,32.12,31.88,31.88,183600,2.52
1985-02-07,32.25,32.25,31.88,32.12,47600,2.54
1985-02-06,32.88,33.75,32.50,32.50,237200,2.57
1985-02-05,31.00,32.88,31.00,32.88,484000,2.60
1985-02-04,30.62,31.25,30.62,31.00,81600,2.45
1985-02-01,30.75,31.00,30.62,30.62,123600,2.42
1985-01-31,30.50,30.75,30.50,30.75,54000,2.43
1985-01-30,31.00,31.25,30.50,30.50,98800,2.41
1985-01-29,31.38,31.38,30.75,31.00,94800,2.45
1985-01-28,31.88,32.00,31.38,31.38,64400,2.48
1985-01-25,31.88,31.88,31.62,31.88,114400,2.52
1985-01-24,31.00,32.00,31.00,32.00,115600,2.53
1985-01-23,29.62,30.75,29.50,30.75,107600,2.43
1985-01-22,29.38,29.75,29.38,29.62,86000,2.34
1985-01-21,29.62,29.62,29.25,29.38,94400,2.32
1985-01-18,29.75,29.75,29.62,29.75,50000,2.35
1985-01-17,29.75,29.88,29.50,29.75,283200,2.35
1985-01-16,29.75,29.88,29.50,29.75,142800,2.35
1985-01-15,29.50,29.88,29.50,29.75,122400,2.35
1985-01-14,28.62,29.25,28.50,29.25,71600,2.31
1985-01-11,28.50,28.88,28.50,28.62,54400,2.26
1985-01-10,27.38,28.25,27.25,28.25,74400,2.23
1985-01-09,27.38,27.38,27.38,27.38,12000,2.16
1985-01-08,27.50,27.50,27.25,27.50,13600,2.17
1985-01-07,27.00,27.62,27.00,27.50,42000,2.17
1985-01-04,26.62,27.00,26.62,27.00,32000,2.13
1985-01-03,26.75,26.75,26.62,26.62,5200,2.10
1985-01-02,26.62,26.88,26.62,26.75,58800,2.11
1984-12-31,26.62,26.75,26.62,26.62,21200,2.10
1984-12-28,26.25,26.75,26.25,26.62,91600,2.10
1984-12-27,26.25,26.25,26.00,26.25,77600,2.07
1984-12-26,26.50,26.50,26.12,26.25,82000,2.07
1984-12-24,26.25,26.62,26.25,26.62,32000,2.10
1984-12-21,26.38,26.38,26.25,26.25,45200,2.07
1984-12-20,26.88,26.88,26.38,26.38,138400,2.08
1984-12-19,27.38,27.50,27.00,27.00,164000,2.13
1984-12-18,27.62,27.75,27.25,27.38,148800,2.16
1984-12-17,27.00,27.75,27.00,27.62,63600,2.18
1984-12-14,27.00,27.00,26.75,26.88,36000,2.12
1984-12-13,27.00,27.00,26.50,27.00,907200,2.13
1984-12-12,26.62,27.00,26.62,27.00,72800,2.13
1984-12-11,26.38,26.88,26.38,26.62,115600,2.10
1984-12-10,25.75,26.38,25.62,26.38,265600,2.08
1984-12-07,25.50,25.88,25.38,25.75,59600,2.03
1984-12-06,25.50,25.50,25.50,25.50,47200,2.01
1984-12-05,25.25,25.62,25.25,25.62,37600,2.02
1984-12-04,25.75,25.75,25.25,25.25,302400,1.99
1984-12-03,26.12,26.38,26.00,26.00,312000,2.05
1984-11-30,26.38,26.50,26.12,26.12,95200,2.06
1984-11-29,26.50,26.50,26.38,26.38,96800,2.08
1984-11-28,26.62,26.62,26.50,26.50,38400,2.09
1984-11-27,26.75,26.75,26.62,26.62,967600,2.10
1984-11-26,27.62,27.88,26.88,26.88,40400,2.12
1984-11-23,27.25,27.75,27.25,27.62,13600,2.18
1984-11-21,26.50,27.12,26.38,27.00,1458800,2.13
1984-11-20,26.25,26.50,26.25,26.50,3045200,2.09
1984-11-19,26.50,26.50,26.25,26.25,35600,2.07
1984-11-16,26.88,26.88,26.50,26.50,45600,2.09
1984-11-15,26.50,26.88,26.50,26.88,31200,2.12
1984-11-14,26.62,26.75,26.50,26.50,222400,2.09
1984-11-13,26.88,26.88,26.50,26.62,74400,2.10
1984-11-12,27.25,27.25,27.12,27.12,8800,2.14
1984-11-09,27.12,27.25,27.00,27.25,24000,2.15
1984-11-08,27.12,27.12,27.00,27.12,9200,2.14
1984-11-07,27.50,27.50,27.12,27.12,270800,2.14
1984-11-06,27.50,27.88,27.38,27.50,276400,2.17
1984-11-05,27.50,27.50,27.25,27.50,88400,2.17
1984-11-02,27.00,27.50,27.00,27.50,271200,2.17
1984-11-01,26.25,26.88,26.12,26.88,402800,2.12
1984-10-31,26.25,26.38,26.25,26.25,80800,2.07
1984-10-30,26.50,26.50,26.12,26.25,17200,2.07
1984-10-29,26.50,26.50,26.12,26.50,54000,2.09
1984-10-26,26.75,26.75,26.50,26.50,17200,2.09
1984-10-25,26.62,26.88,26.50,26.88,62800,2.12
1984-10-24,26.75,26.88,26.50,26.62,51200,2.10
1984-10-23,26.50,26.88,26.50,26.75,32800,2.11
1984-10-22,26.75,26.75,26.50,26.50,36800,2.09
1984-10-19,27.12,27.38,27.00,27.00,171200,2.13
1984-10-18,26.88,27.12,26.75,27.12,35600,2.14
1984-10-17,26.75,26.88,26.75,26.88,73600,2.12
1984-10-16,26.62,26.88,26.50,26.50,41200,2.09
1984-10-15,26.12,26.62,26.12,26.62,14400,2.10
1984-10-12,26.25,26.50,26.00,26.12,30400,2.06
1984-10-11,26.12,26.38,26.12,26.25,8000,2.07
1984-10-10,26.25,26.25,26.00,26.12,38000,2.06
1984-10-09,26.38,26.62,26.38,26.38,21600,2.08
1984-10-08,26.50,26.50,26.25,26.25,12400,2.07
1984-10-05,26.25,26.50,26.12,26.50,237600,2.09
1984-10-04,26.25,26.38,26.25,26.25,23600,2.07
1984-10-03,26.62,26.62,26.25,26.25,128800,2.07
1984-10-02,26.75,26.75,26.62,26.62,120400,2.10
1984-10-01,27.00,27.12,26.88,26.88,35200,2.12
1984-09-28,27.25,27.38,27.00,27.00,20400,2.13
1984-09-27,27.38,27.50,27.25,27.25,26000,2.15
1984-09-26,27.75,27.88,27.25,27.38,144800,2.16
1984-09-25,28.12,28.25,27.75,27.75,136000,2.19
1984-09-24,28.38,28.38,28.00,28.12,638400,2.22
1984-09-21,28.25,28.38,28.00,28.38,140800,2.24
1984-09-20,28.25,28.25,28.00,28.25,32800,2.23
1984-09-19,28.38,28.50,28.12,28.25,77200,2.23
1984-09-18,28.38,28.38,28.25,28.38,31600,2.24
1984-09-17,28.38,28.50,28.25,28.38,48400,2.24
1984-09-14,28.50,28.75,28.12,28.38,32800,2.24
1984-09-13,28.25,28.50,28.12,28.50,34400,2.25
1984-09-12,28.25,28.88,28.12,28.25,42400,2.23
1984-09-11,28.12,28.38,28.12,28.25,96800,2.23
1984-09-10,27.62,28.12,27.62,28.00,35600,2.21
1984-09-07,27.38,27.75,27.38,27.62,19600,2.18
